desc: I1 cache:         32768 B, 64 B, 8-way associative
desc: D1 cache:         32768 B, 64 B, 8-way associative
desc: LL cache:         33554432 B, 64 B, direct-mapped
cmd: ./pomyang 1000000000 10000000
events: Ir I1mr ILmr Dr D1mr DLmr Dw D1mw DLmw 
fl=/build/glibc-YbNSs7/glibc-2.31/csu/../csu/libc-start.c
fn=(below main)
137 14 1 1 0 0 0 9 0 0
141 4 1 1 1 0 0 1 0 0
237 2 0 0 0 0 0 0 0 0
238 3 0 0 0 0 0 1 0 0
260 4 0 0 2 0 0 0 0 0
263 2 0 0 0 0 0 0 0 0
264 5 0 0 4 0 0 1 0 0
268 4 1 1 2 0 0 0 0 0
283 2 0 0 0 0 0 0 0 0
295 3 0 0 0 0 0 1 0 0
296 2 0 0 0 0 0 0 0 0
301 2 0 0 1 1 0 1 0 0
302 2 1 1 1 1 0 1 0 0
305 2 0 0 0 0 0 1 0 0
308 6 0 0 5 0 0 1 0 0
fl=/build/glibc-YbNSs7/glibc-2.31/csu/init-first.c
fn=_init
52 4 1 1 0 0 0 1 0 0
55 4 1 1 1 1 0 1 0 0
62 5 1 1 4 1 0 0 0 0
67 1 0 0 0 0 0 1 1 1
68 1 0 0 0 0 0 1 0 0
69 2 0 0 1 1 0 1 1 1
77 2 0 0 0 0 0 1 0 0
80 1 0 0 0 0 0 0 0 0
85 2 0 0 1 0 0 0 0 0
fl=/build/glibc-YbNSs7/glibc-2.31/ctype/ctype-info.c
fn=__ctype_init
29 1 1 1 0 0 0 0 0 0
31 7 1 1 5 3 0 1 0 0
33 4 0 0 2 1 0 1 0 0
35 4 0 0 2 1 0 1 0 0
36 1 0 0 1 0 0 0 0 0
fl=/build/glibc-YbNSs7/glibc-2.31/elf/../elf/dl-runtime.c
fn=_dl_fixup
66 8 2 2 0 0 0 2 0 0
68 2 0 0 2 0 0 0 0 0
69 4 0 0 4 2 0 0 0 0
72 10 0 0 4 3 0 0 0 0
73 14 0 0 4 3 0 2 0 0
75 6 1 1 4 1 0 0 0 0
80 4 0 0 0 0 0 0 0 0
84 4 0 0 2 2 0 0 0 0
86 8 1 1 2 1 0 0 0 0
88 6 0 0 2 2 0 0 0 0
92 4 0 0 4 3 0 0 0 0
93 8 0 0 2 1 0 0 0 0
101 2 0 0 0 0 0 0 0 0
102 6 0 0 2 1 0 0 0 0
112 22 1 1 4 2 0 6 0 0
116 10 0 0 6 0 0 0 0 0
126 18 0 0 6 0 0 0 0 0
133 2 0 0 2 0 0 0 0 0
141 8 1 1 2 0 0 0 0 0
145 6 0 0 2 1 0 0 0 0
149 6 0 0 4 0 0 0 0 0
fl=/build/glibc-YbNSs7/glibc-2.31/elf/../elf/dl-sysdep.c
fn=_dl_sysdep_start
89 9 1 1 0 0 0 6 1 1
90 2 0 0 1 1 1 0 0 0
91 1 0 0 0 0 0 0 0 0
113 1 0 0 0 0 0 1 0 0
114 237 1 1 77 10 10 4 2 2
117 2 0 0 0 0 0 1 0 0
118 1 0 0 0 0 0 1 1 1
120 137 7 7 36 3 3 19 1 1
121 108 0 0 17 3 3 0 0 0
124 1 0 0 1 0 0 0 0 0
127 1 0 0 1 0 0 0 0 0
130 1 1 1 1 0 0 0 0 0
131 1 1 1 0 0 0 0 0 0
133 1 0 0 1 1 1 0 0 0
134 1 0 0 0 0 0 0 0 0
154 1 1 1 1 0 0 0 0 0
155 1 0 0 0 0 0 0 0 0
157 1 0 0 1 0 0 0 0 0
158 1 0 0 0 0 0 0 0 0
160 2 1 1 1 1 1 1 0 0
161 1 0 0 0 0 0 1 0 0
166 2 1 1 1 0 0 1 0 0
167 1 0 0 0 0 0 1 0 0
182 2 0 0 1 0 0 1 0 0
183 2 0 0 0 0 0 1 0 0
223 1 0 0 0 0 0 1 1 1
234 3 1 1 1 0 0 0 0 0
235 2 0 0 0 0 0 2 0 0
237 5 0 0 0 0 0 1 0 0
249 3 0 0 1 0 0 0 0 0
252 5 1 1 1 0 0 1 0 0
253 1 1 0 1 1 0 0 0 0
254 8 0 0 7 1 0 0 0 0
fn=_dl_sysdep_start_cleanup
258 1 1 1 0 0 0 0 0 0
259 1 0 0 1 0 0 0 0 0
fl=/build/glibc-YbNSs7/glibc-2.31/elf/../elf/dl-tls.c
fn=_dl_add_to_slotinfo
944 8 1 1 0 0 0 4 0 0
950 1 0 0 1 0 0 0 0 0
953 1 0 0 1 1 0 0 0 0
954 1 0 0 0 0 0 0 0 0
958 3 1 1 1 0 0 0 0 0
999 2 0 0 0 0 0 0 0 0
1001 1 0 0 0 0 0 1 1 0
1002 5 0 0 1 1 0 1 0 0
1004 6 0 0 5 0 0 0 0 0
fn=_dl_allocate_tls_init
494 9 1 1 0 0 0 7 0 0
495 2 0 0 0 0 0 0 0 0
499 2 0 0 1 1 0 1 0 0
501 2 0 0 0 0 0 0 0 0
502 1 1 1 0 0 0 0 0 0
505 3 0 0 2 1 0 0 0 0
517 1 0 0 1 0 0 0 0 0
522 8 0 0 2 0 0 0 0 0
528 6 1 1 0 0 0 0 0 0
531 3 0 0 1 0 0 0 0 0
532 2 0 0 0 0 0 0 0 0
538 3 1 1 2 0 0 0 0 0
539 2 0 0 0 0 0 0 0 0
541 6 0 0 3 1 0 1 0 0
544 2 0 0 0 0 0 0 0 0
545 2 0 0 1 0 0 0 0 0
548 2 1 1 0 0 0 0 0 0
549 4 0 0 2 0 0 0 0 0
551 2 0 0 0 0 0 0 0 0
552 2 0 0 1 0 0 0 0 0
561 1 0 0 0 0 0 1 0 0
564 9 0 0 2 0 0 2 0 0
578 2 0 0 1 0 0 1 0 0
581 9 1 1 8 0 0 0 0 0
fn=_dl_allocate_tls_storage
342 2 0 0 1 0 0 0 0 0
343 3 1 1 0 0 0 1 0 0
344 2 0 0 0 0 0 0 0 0
347 1 0 0 0 0 0 1 1 1
353 2 0 0 0 0 0 1 0 0
389 4 1 1 0 0 0 3 0 0
391 1 1 1 1 0 0 0 0 0
402 1 0 0 1 0 0 0 0 0
403 2 0 0 0 0 0 1 0 0
404 3 0 0 0 0 0 0 0 0
412 4 0 0 0 0 0 0 0 0
413 1 0 0 0 0 0 0 0 0
417 297 1 1 0 0 0 289 36 36
436 1 0 0 0 0 0 1 1 1
442 5 0 0 4 0 0 0 0 0
fn=_dl_count_modids
164 1 1 1 0 0 0 0 0 0
169 2 0 0 1 0 0 0 0 0
170 1 1 1 1 0 0 0 0 0
185 2 0 0 1 0 0 0 0 0
fn=_dl_determine_tlsoffset
191 6 1 1 0 0 0 5 0 0
192 2 0 0 0 0 0 0 0 0
193 1 0 0 0 0 0 0 0 0
194 1 0 0 0 0 0 0 0 0
197 3 0 0 1 0 0 0 0 0
200 2 1 1 1 0 0 0 0 0
234 1 0 0 0 0 0 0 0 0
236 10 0 0 2 0 0 0 0 0
238 3 2 2 1 0 0 0 0 0
240 3 0 0 1 0 0 0 0 0
241 2 0 0 1 0 0 0 0 0
243 2 0 0 0 0 0 0 0 0
245 5 0 0 1 0 0 0 0 0
261 8 0 0 0 0 0 0 0 0
263 2 0 0 0 0 0 0 0 0
264 2 0 0 0 0 0 0 0 0
273 1 0 0 0 0 0 1 0 0
276 1 0 0 0 0 0 1 0 0
277 6 1 1 1 0 0 0 0 0
279 2 0 0 0 0 0 1 0 0
329 1 0 0 0 0 0 1 0 0
330 6 1 1 6 0 0 0 0 0
fn=_dl_next_tls_modid
104 1 1 1 0 0 0 0 0 0
107 4 1 1 2 0 0 0 0 0
155 1 0 0 0 0 0 1 0 0
159 1 0 0 1 0 0 0 0 0
fn=_dl_tls_static_surplus_init
69 6 1 1 0 0 0 3 0 0
73 6 0 0 1 0 0 1 0 0
74 7 1 1 1 0 0 1 0 0
80 1 0 0 0 0 0 0 0 0
82 4 0 0 0 0 0 0 0 0
85 1 0 0 0 0 0 0 0 0
87 1 0 0 0 0 0 1 0 0
89 3 0 0 0 0 0 0 0 0
90 2 0 0 0 0 0 1 0 0
91 5 0 0 4 0 0 0 0 0
fl=/build/glibc-YbNSs7/glibc-2.31/elf/../include/scratch_buffer.h
fn=_dl_map_object_deps
77 3 0 0 0 0 0 2 1 1
78 1 1 1 0 0 0 1 0 0
85 3 1 1 2 0 0 0 0 0
131 9 0 0 0 0 0 3 0 0
fl=/build/glibc-YbNSs7/glibc-2.31/elf/../misc/sbrk.c
fn=sbrk
32 5 1 1 0 0 0 2 0 0
40 6 0 0 2 1 1 0 0 0
44 2 0 0 0 0 0 0 0 0
60 5 1 1 3 0 0 0 0 0
fl=/build/glibc-YbNSs7/glibc-2.31/elf/../sysdeps/generic/dl-cache.h
fn=_dl_load_cache_lookup
153 5 1 1 0 0 0 0 0 0
fl=/build/glibc-YbNSs7/glibc-2.31/elf/../sysdeps/generic/ldsodefs.h
fn=_dl_relocate_object
126 357 0 0 119 0 0 0 0 0
fn=do_lookup_x
126 315 0 0 105 0 0 0 0 0
fl=/build/glibc-YbNSs7/glibc-2.31/elf/../sysdeps/posix/dl-fileid.h
fn=_dl_map_object_from_fd
37 18 2 2 3 0 0 3 0 0
40 9 0 0 6 1 1 3 0 0
41 3 0 0 3 0 0 0 0 0
49 28 1 1 14 1 1 0 0 0
fl=/build/glibc-YbNSs7/glibc-2.31/elf/../sysdeps/unix/sysv/linux/dl-osinfo.h
fn=dl_main
64 2 0 0 1 1 0 0 0 0
77 1 0 0 1 0 0 0 0 0
fl=/build/glibc-YbNSs7/glibc-2.31/elf/../sysdeps/unix/sysv/linux/dl-sysdep.c
fn=_dl_discover_osversion
46 5 1 1 0 0 0 3 0 0
48 3 0 0 1 0 0 0 0 0
88 4 1 1 0 0 0 1 1 1
103 1 0 0 0 0 0 0 0 0
107 1 0 0 0 0 0 0 0 0
108 1 0 0 0 0 0 0 0 0
110 12 0 0 3 1 1 0 0 0
112 6 0 0 0 0 0 0 0 0
114 17 0 0 4 0 0 0 0 0
116 1 0 0 0 0 0 0 0 0
117 2 0 0 0 0 0 0 0 0
120 3 0 0 0 0 0 0 0 0
121 3 1 1 0 0 0 0 0 0
122 3 0 0 0 0 0 0 0 0
124 13 0 0 0 0 0 0 0 0
129 2 1 1 0 0 0 0 0 0
133 5 1 1 4 0 0 0 0 0
fn=_dl_sysdep_start
36 2 0 0 0 0 0 1 0 0
fl=/build/glibc-YbNSs7/glibc-2.31/elf/../sysdeps/unix/sysv/linux/dl-vdso-setup.h
fn=dl_main
30 5 2 2 0 0 0 3 0 0
33 1 0 0 0 0 0 1 0 0
36 1 0 0 0 0 0 1 0 0
39 1 0 0 0 0 0 1 0 0
45 1 1 1 0 0 0 1 0 0
fl=/build/glibc-YbNSs7/glibc-2.31/elf/../sysdeps/unix/sysv/linux/dl-vdso.h
fn=dl_main
40 1 0 0 1 0 0 0 0 0
41 2 0 0 0 0 0 0 0 0
55 2 0 0 0 0 0 0 0 0
fl=/build/glibc-YbNSs7/glibc-2.31/elf/../sysdeps/unix/sysv/linux/x86/cpu-features.c
fn=_dl_sysdep_start
28 6 0 0 0 0 0 0 0 0
fl=/build/glibc-YbNSs7/glibc-2.31/elf/../sysdeps/unix/sysv/linux/x86_64/brk.c
fn=brk
28 1 1 1 0 0 0 0 0 0
31 5 0 0 0 0 0 1 0 0
33 2 0 0 0 0 0 0 0 0
39 1 0 0 0 0 0 0 0 0
40 1 0 0 1 0 0 0 0 0
fl=/build/glibc-YbNSs7/glibc-2.31/elf/../sysdeps/x86/cpu-features.c
fn=_dl_sysdep_start
49 4 0 0 0 0 0 0 0 0
50 2 0 0 0 0 0 0 0 0
51 6 0 0 0 0 0 4 0 0
56 2 0 0 0 0 0 0 0 0
57 6 1 1 0 0 0 4 0 0
62 2 0 0 0 0 0 0 0 0
63 6 1 1 0 0 0 4 0 0
309 1 0 0 0 0 0 1 0 0
310 1 0 0 0 0 0 1 0 0
311 1 0 0 0 0 0 1 0 0
322 3 1 1 0 0 0 1 1 1
325 6 0 0 0 0 0 0 0 0
326 1 0 0 0 0 0 0 0 0
329 1 0 0 0 0 0 0 0 0
331 6 2 2 0 0 0 1 0 0
336 7 0 0 5 0 0 0 0 0
338 10 2 2 2 1 1 1 0 0
376 2 0 0 1 0 0 0 0 0
390 1 0 0 0 0 0 0 0 0
400 5 0 0 0 0 0 0 0 0
414 2 0 0 0 0 0 1 0 0
415 1 0 0 0 0 0 0 0 0
425 6 0 0 0 0 0 1 0 0
476 3 1 1 1 0 0 0 0 0
477 1 0 0 1 0 0 0 0 0
480 2 0 0 0 0 0 0 0 0
481 1 0 0 1 0 0 0 0 0
487 1 0 0 0 0 0 1 0 0
488 1 0 0 0 0 0 1 0 0
489 1 0 0 0 0 0 1 0 0
490 1 0 0 0 0 0 1 0 0
493 4 1 1 0 0 0 1 0 0
495 6 0 0 1 0 0 2 1 1
497 6 1 1 1 0 0 2 0 0
499 6 0 0 1 0 0 2 0 0
510 1 0 0 0 0 0 1 0 0
511 2 0 0 1 0 0 0 0 0
515 3 2 2 1 0 0 0 0 0
534 3 1 1 0 0 0 0 0 0
536 4 0 0 1 0 0 0 0 0
537 2 1 1 1 0 0 0 0 0
539 4 0 0 1 0 0 0 0 0
540 2 0 0 0 0 0 0 0 0
543 2 0 0 0 0 0 1 0 0
558 4 1 1 0 0 0 1 0 0
560 4 0 0 0 0 0 1 0 0
fn=get_common_indices.constprop.0
71 2 1 1 0 0 0 1 0 0
75 4 0 0 0 0 0 0 0 0
78 5 0 0 0 0 0 3 0 0
81 1 0 0 0 0 0 1 0 0
82 4 1 1 0 0 0 1 0 0
83 4 0 0 0 0 0 1 0 0
84 4 0 0 0 0 0 1 0 0
85 3 0 0 0 0 0 1 0 0
86 2 1 1 1 0 0 0 0 0
93 2 0 0 1 0 0 0 0 0
94 7 0 0 0 0 0 4 1 1
100 2 0 0 1 0 0 0 0 0
101 7 1 1 0 0 0 4 0 0
108 3 0 0 1 0 0 0 0 0
112 2 0 0 0 0 0 0 0 0
114 4 1 1 0 0 0 0 0 0
118 2 1 1 0 0 0 0 0 0
121 4 0 0 1 0 0 1 0 0
124 2 0 0 1 0 0 0 0 0
127 3 0 0 0 0 0 1 0 0
132 1 0 0 1 0 0 0 0 0
135 2 1 1 0 0 0 0 0 0
137 2 0 0 0 0 0 1 0 0
139 3 0 0 1 0 0 0 0 0
143 2 0 0 0 0 0 0 0 0
147 2 1 1 1 0 0 0 0 0
154 3 0 0 0 0 0 0 0 0
225 2 0 0 1 0 0 0 0 0
229 3 0 0 0 0 0 0 0 0
230 2 0 0 0 0 0 0 0 0
232 1 0 0 0 0 0 0 0 0
233 1 0 0 0 0 0 0 0 0
236 2 0 0 0 0 0 1 0 0
238 1 0 0 0 0 0 1 0 0
241 2 1 1 1 0 0 0 0 0
291 3 1 1 2 0 0 0 0 0
fl=/build/glibc-YbNSs7/glibc-2.31/elf/../sysdeps/x86/dl-cet.c
fn=_dl_cet_check
343 1 1 1 0 0 0 0 0 0
344 1 0 0 0 0 0 0 0 0
fn=dl_cet_check
97 7 1 1 0 0 0 6 0 0
99 2 0 0 0 0 0 0 0 0
100 1 0 0 1 0 0 0 0 0
102 1 0 0 0 0 0 0 0 0
103 1 0 0 0 0 0 0 0 0
106 4 1 1 0 0 0 0 0 0
107 2 0 0 0 0 0 0 0 0
112 1 0 0 1 0 0 0 0 0
117 2 0 0 0 0 0 0 0 0
326 8 1 1 7 0 0 0 0 0
fl=/build/glibc-YbNSs7/glibc-2.31/elf/../sysdeps/x86/dl-hwcap.h
fn=_dl_important_hwcaps
57 6 1 1 0 0 0 2 0 0
fl=/build/glibc-YbNSs7/glibc-2.31/elf/../sysdeps/x86/dl-procinfo.h
fn=_dl_load_cache_lookup
39 4 0 0 0 0 0 0 0 0
42 14 1 1 0 0 0 4 0 0
fl=/build/glibc-YbNSs7/glibc-2.31/elf/../sysdeps/x86/dl-prop.h
fn=_dl_process_pt_note
53 12 0 0 6 0 0 0 0 0
59 6 0 0 3 0 0 0 0 0
62 3 0 0 0 0 0 0 0 0
67 24 0 0 0 0 0 0 0 0
70 9 0 0 3 0 0 0 0 0
71 6 1 1 3 0 0 0 0 0
72 6 0 0 3 0 0 0 0 0
76 9 0 0 3 0 0 0 0 0
80 9 0 0 0 0 0 3 0 0
83 9 0 0 3 0 0 0 0 0
84 6 0 0 0 0 0 0 0 0
88 3 1 1 0 0 0 0 0 0
89 6 0 0 0 0 0 0 0 0
93 6 1 1 3 0 0 0 0 0
94 3 0 0 3 0 0 0 0 0
97 8 0 0 0 0 0 0 0 0
100 3 0 0 0 0 0 0 0 0
101 12 0 0 0 0 0 0 0 0
106 6 0 0 0 0 0 0 0 0
113 6 1 1 0 0 0 0 0 0
116 6 0 0 3 0 0 3 0 0
120 3 0 0 0 0 0 0 0 0
136 3 0 0 0 0 0 0 0 0
137 12 0 0 0 0 0 0 0 0
142 15 1 1 3 0 0 0 0 0
143 3 0 0 3 0 0 0 0 0
144 6 0 0 0 0 0 0 0 0
145 6 0 0 3 0 0 0 0 0
153 60 1 1 0 0 0 36 1 1
156 9 1 1 0 0 0 3 1 1
157 6 0 0 6 0 0 0 0 0
159 24 1 1 12 0 0 0 0 0
160 2 0 0 0 0 0 0 0 0
163 4 0 0 0 0 0 0 0 0
164 32 1 1 2 0 0 0 0 0
170 14 0 0 0 0 0 2 1 1
179 6 1 1 0 0 0 0 0 0
182 6 1 1 0 0 0 0 0 0
183 48 0 0 42 0 0 0 0 0
fn=dl_main
33 3 0 0 1 0 0 1 0 0
59 6 1 1 3 0 0 0 0 0
64 1 0 0 0 0 0 0 0 0
65 1 0 0 0 0 0 0 0 0
67 11 1 1 2 0 0 1 0 0
70 4 1 1 1 1 1 1 0 0
71 2 0 0 1 1 1 0 0 0
72 2 0 0 1 0 0 0 0 0
76 3 1 1 1 0 0 0 0 0
80 3 0 0 0 0 0 1 0 0
83 3 0 0 1 0 0 0 0 0
84 2 0 0 0 0 0 0 0 0
88 1 0 0 0 0 0 0 0 0
89 3 0 0 0 0 0 1 0 0
93 1 0 0 1 0 0 0 0 0
94 4 1 1 1 0 0 1 0 0
97 2 0 0 0 0 0 0 0 0
100 1 0 0 0 0 0 0 0 0
101 4 0 0 1 0 0 0 0 0
106 2 0 0 0 0 0 0 0 0
113 2 1 1 1 0 0 0 0 0
116 1 0 0 1 0 0 0 0 0
120 1 0 0 0 0 0 0 0 0
136 1 0 0 0 0 0 0 0 0
137 5 0 0 1 0 0 0 0 0
142 3 0 0 0 0 0 0 0 0
143 1 0 0 1 0 0 0 0 0
144 2 0 0 0 0 0 0 0 0
145 1 0 0 1 0 0 0 0 0
189 2 0 0 2 0 0 0 0 0
190 2 0 0 1 0 0 1 0 0
fl=/build/glibc-YbNSs7/glibc-2.31/elf/../sysdeps/x86_64/dl-machine.h
fn=_dl_fixup
242 2 0 0 0 0 0 2 0 0
fn=_dl_relocate_object
76 20 0 0 5 0 0 0 0 0
82 6 0 0 6 2 0 0 0 0
86 9 0 0 3 3 2 0 0 0
92 3 0 0 0 0 0 3 0 0
100 9 0 0 3 0 0 0 0 0
120 6 1 1 3 0 0 0 0 0
122 6 1 1 0 0 0 3 0 0
124 12 1 1 3 0 0 0 0 0
131 12 0 0 3 2 1 0 0 0
276 272 0 0 0 0 0 0 0 0
297 272 1 1 0 0 0 0 0 0
301 272 0 0 0 0 0 0 0 0
308 5496 10 10 1082 101 79 820 4 0
309 1078 4 4 475 1 0 0 0 0
312 369 1 1 0 0 0 0 0 0
314 5 0 0 1 0 0 0 0 0
317 2 0 0 0 0 0 0 0 0
318 3 0 0 1 0 0 0 0 0
319 2 0 0 0 0 0 0 0 0
323 1 1 1 0 0 0 1 0 0
330 3 0 0 1 0 0 1 0 0
333 850 1 1 136 4 3 0 0 0
429 54 1 1 18 0 0 0 0 0
433 72 1 1 18 1 0 0 0 0
438 54 0 0 36 2 2 0 0 0
447 54 0 0 18 0 0 18 8 8
457 354 0 0 236 15 14 118 15 10
458 118 0 0 0 0 0 0 0 0
481 15 0 0 0 0 0 5 0 0
491 12 0 0 0 0 0 4 0 0
536 3660 0 0 1220 154 154 0 0 0
541 2440 0 0 0 0 0 0 0 0
542 3660 0 0 1220 151 151 1220 233 229
552 152 0 0 76 0 0 0 0 0
556 40 0 0 0 0 0 0 0 0
559 60 0 0 20 0 0 0 0 0
560 20 0 0 20 6 5 0 0 0
577 112 0 0 112 0 0 0 0 0
579 56 0 0 0 0 0 56 0 0
580 56 0 0 0 0 0 56 3 3
fn=_dl_start
59 3 0 0 1 1 1 0 0 0
301 27 0 0 0 0 0 0 0 0
309 90 0 0 36 8 8 0 0 0
312 18 0 0 0 0 0 0 0 0
333 63 0 0 0 0 0 0 0 0
353 18 1 1 9 1 1 9 2 2
354 9 0 0 0 0 0 0 0 0
421 1 0 0 0 0 0 0 0 0
541 88 0 0 44 5 5 0 0 0
542 132 0 0 44 6 6 44 26 26
fl=/build/glibc-YbNSs7/glibc-2.31/elf/../sysdeps/x86_64/dl-trampoline.h
fn=_dl_runtime_resolve_xsave
67 2 1 1 0 0 0 0 0 0
72 2 0 0 0 0 0 2 0 0
75 2 0 0 0 0 0 0 0 0
77 2 0 0 0 0 0 0 0 0
87 2 1 1 2 1 0 0 0 0
93 2 0 0 0 0 0 2 1 0
94 2 0 0 0 0 0 2 0 0
95 2 0 0 0 0 0 2 0 0
96 2 0 0 0 0 0 2 0 0
97 2 0 0 0 0 0 2 0 0
98 2 0 0 0 0 0 2 0 0
99 2 0 0 0 0 0 2 0 0
103 2 0 0 0 0 0 0 0 0
104 2 0 0 0 0 0 0 0 0
107 2 0 0 0 0 0 2 1 0
108 2 0 0 0 0 0 2 0 0
110 2 1 1 0 0 0 2 0 0
111 2 0 0 0 0 0 2 0 0
112 2 0 0 0 0 0 2 0 0
113 2 0 0 0 0 0 2 0 0
114 2 0 0 0 0 0 2 0 0
115 2 0 0 0 0 0 2 0 0
117 2 0 0 2 0 0 66 11 1
124 2 0 0 2 0 0 0 0 0
125 2 0 0 2 0 0 0 0 0
126 2 0 0 0 0 0 2 1 0
127 2 1 1 0 0 0 0 0 0
132 2 0 0 0 0 0 0 0 0
133 2 0 0 0 0 0 0 0 0
134 2 0 0 72 0 0 0 0 0
136 2 0 0 2 0 0 0 0 0
137 2 0 0 2 0 0 0 0 0
138 2 0 0 2 0 0 0 0 0
139 2 0 0 2 0 0 0 0 0
140 2 0 0 2 0 0 0 0 0
141 2 0 0 2 0 0 0 0 0
142 2 0 0 2 0 0 0 0 0
144 2 0 0 0 0 0 0 0 0
146 2 0 0 2 0 0 0 0 0
150 2 0 0 0 0 0 0 0 0
153 2 0 0 0 0 0 0 0 0
fl=/build/glibc-YbNSs7/glibc-2.31/elf/./dl-load.h
fn=_dl_map_object_from_fd
90 24 0 0 0 0 0 0 0 0
91 9 0 0 6 0 0 3 0 0
93 24 1 1 12 0 0 0 0 0
94 10 1 1 6 0 0 0 0 0
95 12 0 0 4 0 0 0 0 0
96 8 1 1 2 0 0 0 0 0
98 8 0 0 0 0 0 2 0 0
fl=/build/glibc-YbNSs7/glibc-2.31/elf/./dl-map-segments.h
fn=_dl_map_object_from_fd
50 6 0 0 3 0 0 0 0 0
56 24 1 1 9 0 0 6 0 0
60 6 1 1 0 0 0 0 0 0
63 9 0 0 3 0 0 3 0 0
64 6 0 0 0 0 0 3 0 0
66 6 0 0 3 0 0 0 0 0
73 12 0 0 4 0 0 1 0 0
80 3 1 1 3 0 0 0 0 0
82 3 0 0 3 0 0 0 0 0
90 60 0 0 12 0 0 0 0 0
92 45 0 0 27 0 0 0 0 0
94 90 1 1 27 0 0 9 0 0
104 48 0 0 24 0 0 0 0 0
110 6 0 0 3 0 0 0 0 0
111 3 0 0 0 0 0 0 0 0
112 9 1 1 3 0 0 0 0 0
113 6 0 0 0 0 0 0 0 0
115 6 0 0 0 0 0 0 0 0
120 6 0 0 0 0 0 0 0 0
123 6 0 0 0 0 0 0 0 0
131 21 0 0 0 0 0 9 0 0
132 6 0 0 6 0 0 0 0 0
137 6 0 0 0 0 0 0 0 0
141 8 0 0 0 0 0 1 0 0
144 2 0 0 0 0 0 0 0 0
149 12 1 1 0 0 0 0 0 0
fl=/build/glibc-YbNSs7/glibc-2.31/elf/./setup-vdso.h
fn=dl_main
24 2 0 0 1 0 0 0 0 0
fl=/build/glibc-YbNSs7/glibc-2.31/elf/dl-addr.c
fn=_dl_addr
30 4 0 0 2 0 0 1 0 0
34 2 0 0 1 0 0 0 0 0
38 1 0 0 1 0 0 0 0 0
39 1 0 0 1 0 0 0 0 0
40 3 0 0 2 0 0 1 0 0
42 3 1 1 2 0 0 1 0 0
44 4 0 0 0 0 0 0 0 0
45 3 0 0 1 1 0 0 0 0
49 4048 0 0 2 0 0 0 0 0
51 1011 1 1 1011 55 18 0 0 0
52 2022 0 0 0 0 0 0 0 0
54 2757 0 0 919 0 0 0 0 0
60 7065 2 2 0 0 0 0 0 0
61 14130 0 0 2355 505 453 0 0 0
63 7034 0 0 0 0 0 0 0 0
64 9296 0 0 2324 0 0 0 0 0
65 16957 1 1 5311 370 343 0 0 0
70 7065 0 0 2355 140 82 0 0 0
100 2 0 0 0 0 0 0 0 0
101 1 0 0 0 0 0 1 1 0
102 3 0 0 1 1 0 0 0 0
105 2 1 1 0 0 0 0 0 0
117 3 1 1 0 0 0 1 1 0
126 12 1 1 0 0 0 7 1 1
128 1 0 0 0 0 0 0 0 0
131 3 0 0 2 1 0 1 1 0
133 2 0 0 0 0 0 1 0 0
135 2 1 1 0 0 0 0 0 0
138 1 0 0 0 0 0 0 0 0
141 2 0 0 1 1 0 1 1 0
144 9 1 1 7 0 0 0 0 0
fl=/build/glibc-YbNSs7/glibc-2.31/elf/dl-cache.c
fn=_dl_cache_libcmp
141 20 1 1 0 0 0 0 0 0
142 240 0 0 40 17 17 0 0 0
144 392 0 0 0 0 0 0 0 0
146 4 0 0 0 0 0 0 0 0
152 6 0 0 0 0 0 0 0 0
153 6 1 1 0 0 0 0 0 0
154 8 0 0 2 0 0 0 0 0
156 8 0 0 2 0 0 0 0 0
158 4 0 0 0 0 0 0 0 0
164 192 1 1 0 0 0 0 0 0
166 192 0 0 0 0 0 0 0 0
167 36 1 1 18 0 0 0 0 0
170 78 0 0 0 0 0 0 0 0
171 234 0 0 156 0 0 0 0 0
174 6 0 0 2 0 0 0 0 0
fn=_dl_load_cache_lookup
187 20 1 1 0 0 0 12 0 0
195 4 0 0 2 0 0 0 0 0
198 6 0 0 2 0 0 0 0 0
201 5 1 1 0 0 0 1 0 0
209 5 1 1 1 0 0 0 0 0
210 8 0 0 3 1 1 0 0 0
213 1 0 0 1 0 0 0 0 0
218 1 1 1 0 0 0 1 0 0
219 2 0 0 0 0 0 1 0 0
264 3 0 0 1 0 0 0 0 0
270 10 1 1 2 0 0 2 0 0
279 2 0 0 0 0 0 0 0 0
281 2 0 0 2 0 0 0 0 0
285 12 1 1 2 0 0 4 0 0
293 12 1 1 6 0 0 4 0 0
294 6 0 0 2 0 0 0 0 0
308 414 6 6 82 17 17 28 0 0
320 14 1 1 4 0 0 0 0 0
324 4 0 0 2 0 0 0 0 0
328 4 0 0 0 0 0 0 0 0
336 38 1 1 2 0 0 2 0 0
337 8 1 1 0 0 0 2 0 0
338 2 0 0 0 0 0 2 0 0
339 16 0 0 14 0 0 0 0 0
fn=_dl_unload_cache
348 2 1 1 0 0 0 0 0 0
349 4 0 0 1 1 0 0 0 0
351 2 0 0 1 0 0 1 0 0
352 1 1 1 0 0 0 1 0 0
354 2 0 0 1 0 0 0 0 0
fl=/build/glibc-YbNSs7/glibc-2.31/elf/dl-debug.c
fn=_dl_debug_initialize
46 5 1 1 0 0 0 0 0 0
49 10 0 0 0 0 0 0 0 0
50 5 1 1 5 0 0 0 0 0
54 18 1 0 5 2 1 0 0 0
57 1 0 0 0 0 0 1 0 0
58 7 0 0 4 0 0 1 0 0
59 5 1 1 1 0 0 1 0 0
60 2 0 0 0 0 0 1 0 0
64 1 0 0 1 0 0 0 0 0
fn=_dl_debug_state
73 2 0 0 0 0 0 0 0 0
74 2 0 0 2 0 0 0 0 0
fl=/build/glibc-YbNSs7/glibc-2.31/elf/dl-deps.c
fn=_dl_map_object_deps
144 3 0 0 0 0 0 2 0 0
145 6 0 0 1 0 0 2 1 1
146 8 1 1 0 0 0 1 0 0
148 3 0 0 0 0 0 1 0 0
152 9 1 1 2 0 0 3 0 0
159 12 2 2 0 0 0 9 2 2
160 21 2 2 1 1 1 0 0 0
176 10 1 1 1 0 0 1 0 0
177 1 0 0 1 0 0 0 0 0
180 1 0 0 0 0 0 1 0 0
198 2 0 0 1 0 0 1 0 0
199 3 0 0 1 0 0 1 0 0
200 2 0 0 0 0 0 2 0 0
202 13 0 0 8 0 0 0 0 0
206 5 0 0 0 0 0 0 0 0
209 5 0 0 0 0 0 5 0 0
213 20 1 1 5 0 0 5 0 0
214 32 2 2 14 0 0 0 0 0
217 9 0 0 0 0 0 0 0 0
221 9 1 1 3 0 0 3 0 0
224 18 0 0 9 2 2 0 0 0
226 9 1 1 6 0 0 3 0 0
231 3 0 0 0 0 0 3 0 0
232 3 0 0 0 0 0 3 1 1
233 6 0 0 3 0 0 3 0 0
234 6 0 0 3 0 0 3 0 0
237 342 2 2 90 1 0 3 0 0
238 165 0 0 0 0 0 0 0 0
244 45 2 2 10 0 0 5 0 0
246 5 0 0 0 0 0 5 0 0
248 20 2 2 10 0 0 5 0 0
249 10 0 0 5 0 0 0 0 0
258 5 0 0 5 0 0 0 0 0
260 10 0 0 5 0 0 0 0 0
265 21 1 1 3 0 0 0 0 0
268 3 0 0 0 0 0 3 0 0
269 3 0 0 0 0 0 3 0 0
270 3 1 1 0 0 0 3 0 0
271 6 0 0 3 0 0 3 0 0
273 3 0 0 3 0 0 0 0 0
275 15 0 0 3 0 0 6 0 0
279 15 0 0 5 0 0 0 0 0
280 9 0 0 0 0 0 3 0 0
282 228 0 0 0 0 0 0 0 0
287 1 0 0 0 0 0 1 0 0
303 12 0 0 0 0 0 6 0 0
380 8 1 1 0 0 0 4 0 0
433 15 1 1 5 0 0 0 0 0
435 9 0 0 0 0 0 3 0 0
438 12 0 0 0 0 0 3 0 0
439 6 0 0 0 0 0 0 0 0
445 3 0 0 0 0 0 3 1 1
446 15 0 0 3 0 0 3 0 0
447 15 0 0 0 0 0 3 0 0
450 3 0 0 0 0 0 3 0 0
451 3 0 0 3 0 0 0 0 0
455 20 1 1 10 0 0 0 0 0
457 5 1 1 5 0 0 0 0 0
458 22 0 0 4 0 0 0 0 0
464 6 0 0 2 0 0 0 0 0
465 1 0 0 0 0 0 1 0 0
468 5 1 1 2 0 0 1 0 0
479 5 0 0 1 0 0 1 0 0
481 2 1 1 0 0 0 0 0 0
486 6 0 0 3 0 0 1 0 0
487 1 0 0 0 0 0 1 0 0
489 19 0 0 5 0 0 0 0 0
491 5 1 1 5 0 0 0 0 0
495 15 0 0 0 0 0 5 1 1
499 10 0 0 10 0 0 0 0 0
502 2 0 0 1 0 0 0 0 0
553 3 0 0 2 0 0 0 0 0
554 1 0 0 0 0 0 0 0 0
555 3 1 1 1 0 0 0 0 0
590 5 1 1 0 0 0 1 0 0
594 5 1 1 0 0 0 1 0 0
597 1 0 0 0 0 0 1 0 0
599 2 0 0 1 0 0 1 0 0
600 1 0 0 1 0 0 0 0 0
601 2 0 0 0 0 0 0 0 0
608 3 0 0 1 0 0 0 0 0
611 3 0 0 1 0 0 0 0 0
614 8 0 0 7 0 0 0 0 0
fn=openaux
61 15 1 1 0 0 0 5 0 0
64 55 0 0 20 0 0 10 1 1
65 5 0 0 5 0 0 0 0 0
68 5 0 0 5 0 0 0 0 0
69 10 0 0 10 0 0 0 0 0
fl=/build/glibc-YbNSs7/glibc-2.31/elf/dl-environ.c
fn=_dl_next_ld_env_entry
28 3 1 1 0 0 0 0 0 0
29 3 0 0 3 0 0 0 0 0
32 229 0 0 76 0 0 0 0 0
34 150 0 0 75 0 0 0 0 0
35 22 0 0 11 0 0 0 0 0
37 2 0 0 0 0 0 0 0 0
40 4 1 1 0 0 0 2 0 0
42 2 0 0 2 0 0 0 0 0
45 73 0 0 0 0 0 0 0 0
49 1 0 0 1 0 0 0 0 0
fl=/build/glibc-YbNSs7/glibc-2.31/elf/dl-error-skeleton.c
fn=_dl_catch_error
225 10 1 1 0 0 0 3 0 0
227 2 0 0 0 0 0 1 0 0
228 2 0 0 1 0 0 1 0 0
229 2 0 0 1 0 0 1 0 0
230 2 0 0 1 0 0 1 0 0
232 5 1 1 4 0 0 0 0 0
fn=_dl_catch_exception
175 48 1 1 6 0 0 30 2 2
178 12 0 0 0 0 0 0 0 0
199 6 0 0 0 0 0 6 1 1
200 12 1 1 0 0 0 6 0 0
203 12 0 0 0 0 0 6 0 0
206 42 0 0 0 0 0 6 1 1
208 18 0 0 12 0 0 6 0 0
209 12 1 1 6 0 0 6 0 0
210 24 0 0 6 0 0 12 0 0
219 24 0 0 12 0 0 0 0 0
fn=_dl_receive_error
238 6 0 0 0 0 0 2 0 0
239 1 0 0 1 0 0 0 0 0
240 1 0 0 1 0 0 0 0 0
243 1 0 0 0 0 0 1 0 0
244 1 0 0 0 0 0 1 0 0
246 1 1 1 0 0 0 1 0 0
248 1 0 0 0 0 0 1 0 0
249 1 0 0 0 0 0 1 0 0
250 4 0 0 3 0 0 0 0 0
fl=/build/glibc-YbNSs7/glibc-2.31/elf/dl-hwcaps.c
fn=_dl_important_hwcaps
42 14 1 1 0 0 0 10 1 1
43 8 1 1 1 0 0 3 1 1
45 2 0 0 1 0 0 1 0 0
46 3 1 1 0 0 0 0 0 0
55 17 1 1 0 0 0 0 0 0
56 8 0 0 2 0 0 2 1 1
57 1 0 0 0 0 0 0 0 0
65 3 0 0 1 0 0 0 0 0
148 19 2 2 1 0 0 0 0 0
149 1 0 0 0 0 0 0 0 0
185 12 2 2 1 0 0 0 0 0
186 10 0 0 2 0 0 2 1 1
188 1 0 0 0 0 0 1 0 0
189 2 0 0 0 0 0 2 1 1
190 13 0 0 1 0 0 1 0 0
193 3 1 1 1 0 0 0 0 0
195 1 0 0 0 0 0 1 0 0
196 2 0 0 1 0 0 1 0 0
197 4 0 0 0 0 0 0 0 0
200 2 1 1 0 0 0 1 0 0
201 1 0 0 0 0 0 1 0 0
204 2 0 0 0 0 0 0 0 0
207 5 0 0 1 0 0 1 0 0
211 7 1 1 1 0 0 2 0 0
212 2 0 0 0 0 0 0 0 0
214 2 0 0 0 0 0 0 0 0
215 8 1 1 0 0 0 0 0 0
216 3 1 1 1 0 0 0 0 0
217 4 1 1 0 0 0 0 0 0
224 2 1 1 0 0 0 0 0 0
230 11 1 1 1 0 0 5 0 0
231 5 0 0 0 0 0 1 0 0
232 5 0 0 2 0 0 0 0 0
263 10 1 1 0 0 0 3 1 1
266 4 0 0 0 0 0 2 0 0
273 3 0 0 2 0 0 0 0 0
276 2 0 0 0 0 0 0 0 0
279 12 0 0 4 0 0 4 0 0
282 11 0 0 3 0 0 0 0 0
283 21 2 2 1 0 0 4 0 0
284 7 0 0 2 0 0 2 0 0
287 10 1 1 2 0 0 4 0 0
289 6 0 0 2 0 0 0 0 0
294 28 1 1 2 0 0 0 0 0
295 24 0 0 0 0 0 8 1 1
299 21 0 0 0 0 0 0 0 0
302 24 0 0 0 0 0 0 0 0
303 96 1 1 0 0 0 0 0 0
304 48 0 0 24 0 0 12 0 0
306 9 0 0 0 0 0 0 0 0
309 3 0 0 1 0 0 0 0 0
310 2 0 0 0 0 0 0 0 0
311 19 2 2 2 0 0 0 0 0
313 6 0 0 0 0 0 0 0 0
314 2 0 0 2 0 0 0 0 0
316 1 0 0 1 0 0 0 0 0
317 4 0 0 0 0 0 2 0 0
324 18 1 1 6 0 0 4 0 0
325 4 0 0 0 0 0 0 0 0
327 8 0 0 0 0 0 0 0 0
330 3 0 0 2 0 0 1 0 0
333 9 1 1 7 0 0 0 0 0
fl=/build/glibc-YbNSs7/glibc-2.31/elf/dl-init.c
fn=_dl_init
30 29 3 3 6 0 0 5 0 0
79 12 1 1 0 0 0 6 0 0
80 1 0 0 1 1 0 0 0 0
81 1 0 0 1 0 0 0 0 0
84 3 1 1 1 0 0 0 0 0
87 2 0 0 0 0 0 1 0 0
92 2 0 0 0 0 0 0 0 0
117 1 0 0 1 0 0 0 0 0
118 20 0 0 0 0 0 0 0 0
119 10 0 0 10 1 0 0 0 0
125 8 0 0 7 0 0 0 0 0
fn=call_init.part.0
28 45 1 1 0 0 0 25 0 0
36 15 1 1 5 0 0 5 0 0
39 20 0 0 10 4 0 0 0 0
40 3 1 1 0 0 0 0 0 0
44 12 0 0 4 3 0 0 0 0
45 3 0 0 1 0 0 0 0 0
49 6 0 0 3 0 0 0 0 0
58 21 1 1 9 4 0 3 0 0
62 6 0 0 0 0 0 0 0 0
68 9 0 0 6 2 0 0 0 0
70 6 0 0 6 0 0 0 0 0
71 27 0 0 0 0 0 0 0 0
72 16 1 1 4 0 0 4 0 0
74 30 0 0 30 0 0 0 0 0
fl=/build/glibc-YbNSs7/glibc-2.31/elf/dl-load.c
fn=_dl_dst_count
231 30 1 1 0 0 0 25 0 0
234 10 0 0 0 0 0 5 1 1
237 10 0 0 0 0 0 0 0 0
238 5 1 1 0 0 0 0 0 0
257 35 0 0 30 0 0 0 0 0
fn=_dl_init_paths
681 10 2 2 0 0 0 7 0 0
694 6 0 0 2 0 0 2 1 1
698 1 0 0 0 0 0 1 0 0
699 2 0 0 0 0 0 1 0 0
700 2 0 0 0 0 0 0 0 0
707 5 1 1 0 0 0 0 0 0
708 4 0 0 1 0 0 1 0 0
711 6 0 0 0 0 0 2 0 0
713 2 1 1 0 0 0 0 0 0
719 1 0 0 0 0 0 1 0 0
720 1 0 0 0 0 0 1 0 0
728 11 0 0 0 0 0 3 0 0
730 8 0 0 0 0 0 4 2 2
731 4 0 0 0 0 0 4 1 1
733 5 1 1 0 0 0 4 0 0
734 7 0 0 3 1 1 4 1 1
735 7 0 0 0 0 0 0 0 0
738 6 0 0 3 1 1 0 0 0
739 24 0 0 4 0 0 4 0 0
742 26 2 2 6 0 0 6 0 0
748 1 0 0 0 0 0 1 0 0
749 1 0 0 0 0 0 1 0 0
753 1 0 0 1 0 0 0 0 0
754 2 1 1 0 0 0 0 0 0
756 4 0 0 1 0 0 0 0 0
758 3 0 0 1 0 0 0 0 0
775 1 0 0 0 0 0 1 0 0
777 3 1 1 1 0 0 0 0 0
791 2 1 1 0 0 0 1 0 0
796 5 1 1 2 0 0 0 0 0
798 24 3 3 2 0 0 2 0 0
802 2 0 0 0 0 0 0 0 0
803 61 1 1 15 0 0 0 0 0
804 56 0 0 0 0 0 0 0 0
807 1 0 0 0 0 0 1 0 0
808 2 0 0 0 0 0 1 0 0
809 2 0 0 0 0 0 0 0 0
815 6 0 0 0 0 0 1 0 0
818 3 0 0 2 0 0 0 0 0
824 1 0 0 0 0 0 1 0 0
828 8 0 0 7 0 0 0 0 0
fn=_dl_map_object
659 18 2 2 6 0 0 0 0 0
1927 60 2 2 0 0 0 48 3 3
1929 3 0 0 0 0 0 3 0 0
1935 12 0 0 0 0 0 0 0 0
1936 24 0 0 6 1 1 0 0 0
1939 93 1 1 21 0 0 0 0 0
1944 126 0 0 18 0 0 0 0 0
1946 90 0 0 0 0 0 18 1 1
1950 30 1 1 15 0 0 0 0 0
1951 45 0 0 15 0 0 0 0 0
1954 6 0 0 6 0 0 0 0 0
1955 12 0 0 12 0 0 0 0 0
1956 24 0 0 0 0 0 6 0 0
1972 18 1 1 3 0 0 3 0 0
1982 9 1 1 3 0 0 0 0 0
2016 3 0 0 0 0 0 3 2 2
2018 15 0 0 0 0 0 3 0 0
2022 8 1 1 0 0 0 4 0 0
2024 4 0 0 2 0 0 0 0 0
2031 8 0 0 2 0 0 0 0 0
2035 10 1 1 4 0 0 6 0 0
2040 6 0 0 2 0 0 0 0 0
2041 2 0 0 0 0 0 0 0 0
2043 8 0 0 0 0 0 2 0 0
2055 8 1 1 6 0 0 0 0 0
2056 16 0 0 4 0 0 2 0 0
2057 2 0 0 0 0 0 0 0 0
2066 4 1 1 2 0 0 0 0 0
2067 30 1 1 2 0 0 8 0 0
2073 10 1 1 0 0 0 0 0 0
2074 2 0 0 0 0 0 0 0 0
2082 2 1 1 0 0 0 2 0 0
2096 4 1 1 0 0 0 0 0 0
2098 6 0 0 2 0 0 0 0 0
2102 6 0 0 0 0 0 2 0 0
2104 4 0 0 0 0 0 0 0 0
2108 4 0 0 0 0 0 0 0 0
2116 6 1 1 2 0 0 0 0 0
2139 14 0 0 0 0 0 4 0 0
2143 6 0 0 2 0 0 0 0 0
2144 4 0 0 0 0 0 2 0 0
2161 4 1 1 2 0 0 0 0 0
2167 1 1 1 0 0 0 1 0 0
2168 4 0 0 0 0 0 1 0 0
2169 2 0 0 0 0 0 0 0 0
2170 3 0 0 0 0 0 0 0 0
2174 5 0 0 0 0 0 1 0 0
2177 2 0 0 0 0 0 0 0 0
2189 12 0 0 3 0 0 0 0 0
2191 8 0 0 0 0 0 0 0 0
2235 6 1 1 3 0 0 3 0 0
2236 45 0 0 9 0 0 15 0 0
2238 54 0 0 42 0 0 0 0 0
fn=_dl_map_object_from_fd
866 42 2 2 0 0 0 33 2 2
876 12 0 0 3 0 0 6 1 1
877 3 1 1 0 0 0 3 0 0
883 12 0 0 3 0 0 3 0 0
901 48 1 1 15 0 0 0 0 0
902 18 0 0 9 0 0 0 0 0
920 6 2 2 3 0 0 0 0 0
944 12 1 1 3 0 0 3 0 0
954 6 0 0 3 0 0 0 0 0
961 12 0 0 6 0 0 0 0 0
994 6 0 0 0 0 0 0 0 0
997 24 0 0 15 0 0 3 0 0
998 6 0 0 0 0 0 0 0 0
1009 9 0 0 6 0 0 3 2 2
1010 12 1 1 6 0 0 6 0 0
1011 6 0 0 3 0 0 3 0 0
1013 9 0 0 0 0 0 0 0 0
1014 12 2 2 6 0 0 0 0 0
1015 3 0 0 0 0 0 0 0 0
1018 17 1 1 1 0 0 0 0 0
1019 6 0 0 1 0 0 1 1 1
1030 6 0 0 0 0 0 3 0 0
1032 3 0 0 0 0 0 3 0 0
1034 63 2 2 6 0 0 6 0 0
1035 3 0 0 0 0 0 0 0 0
1036 3 0 0 0 0 0 3 0 0
1042 231 0 0 0 0 0 0 0 0
1043 318 2 2 60 5 5 0 0 0
1049 6 1 1 3 0 0 0 0 0
1054 6 0 0 3 0 0 3 0 0
1055 12 1 1 3 0 0 3 0 0
1060 2 0 0 1 0 0 1 0 0
1061 1 0 0 0 0 0 0 0 0
1066 60 1 1 24 0 0 0 0 0
1071 84 0 0 24 0 0 0 0 0
1079 36 1 1 0 0 0 0 0 0
1080 72 0 0 12 0 0 12 3 3
1081 120 0 0 24 0 0 12 0 0
1082 24 1 1 12 0 0 12 2 2
1084 24 0 0 0 0 0 12 2 2
1088 24 0 0 0 0 0 0 0 0
1089 54 0 0 27 0 0 9 0 0
1093 24 0 0 0 0 0 0 0 0
1094 96 1 1 24 0 0 12 0 0
1107 3 1 1 1 0 0 0 0 0
1111 1 0 0 0 0 0 1 1 1
1112 2 0 0 1 0 0 1 0 0
1113 1 0 0 1 0 0 0 0 0
1116 5 0 0 0 0 0 1 0 0
1117 2 1 1 1 0 0 1 0 0
1120 1 0 0 0 0 0 1 0 0
1125 4 0 0 1 0 0 0 0 0
1132 12 0 0 3 0 0 3 0 0
1140 6 1 1 3 0 0 3 0 0
1141 3 0 0 0 0 0 0 0 0
1144 12 0 0 6 0 0 3 1 1
1146 3 0 0 0 0 0 0 0 0
1149 54 1 1 18 0 0 6 1 1
1157 6 0 0 0 0 0 0 0 0
1170 6 0 0 0 0 0 0 0 0
1180 27 0 0 12 0 0 3 0 0
1192 12 1 1 6 0 0 0 0 0
1201 9 0 0 3 0 0 3 0 0
1208 6 0 0 0 0 0 0 0 0
1210 6 1 1 0 0 0 0 0 0
1229 9 0 0 3 0 0 0 0 0
1248 6 0 0 3 0 0 3 0 0
1250 15 1 1 6 0 0 0 0 0
1298 9 0 0 3 2 2 0 0 0
1299 2 0 0 1 0 0 1 0 0
1302 12 0 0 3 0 0 3 0 0
1311 6 1 1 3 0 0 0 0 0
1313 12 0 0 6 0 0 3 0 0
1315 6 0 0 3 0 0 0 0 0
1331 6 0 0 0 0 0 3 0 0
1335 6 0 0 3 0 0 0 0 0
1336 6 1 1 3 0 0 0 0 0
1353 6 1 1 3 0 0 0 0 0
1354 2 1 1 0 0 0 1 0 0
1357 6 1 1 3 0 0 3 0 0
1362 6 0 0 3 0 0 0 0 0
1372 6 0 0 3 0 0 0 0 0
1381 6 0 0 3 0 0 0 0 0
1382 4 0 0 1 0 0 0 0 0
1387 2 0 0 0 0 0 2 0 0
1394 9 1 1 3 0 0 3 0 0
1398 9 0 0 3 0 0 0 0 0
1417 27 1 1 21 0 0 0 0 0
fn=expand_dynamic_string_token
234 6 1 1 0 0 0 2 1 1
237 4 0 0 0 0 0 0 0 0
378 18 1 1 0 0 0 12 0 0
392 4 0 0 0 0 0 0 0 0
403 14 0 0 12 0 0 0 0 0
fn=fillin_rpath
447 16 1 1 0 0 0 12 0 0
449 1 0 0 0 0 0 0 0 0
451 12 1 1 4 0 0 2 0 0
458 2 0 0 1 0 0 0 0 0
460 4 0 0 1 0 0 1 0 0
464 2 0 0 0 0 0 0 0 0
469 3 1 1 0 0 0 1 0 0
470 2 0 0 0 0 0 0 0 0
477 5 0 0 1 0 0 0 0 0
482 4 2 2 0 0 0 2 0 0
486 17 1 1 5 0 0 0 0 0
487 8 0 0 4 0 0 0 0 0
505 4 1 1 1 0 0 1 0 0
509 8 1 1 2 0 0 3 0 0
511 3 0 0 1 0 0 0 0 0
515 2 0 0 0 0 0 2 1 1
516 1 0 0 0 0 0 0 0 0
517 4 0 0 0 0 0 2 0 0
518 2 1 1 1 0 0 1 0 0
520 2 0 0 1 0 0 0 0 0
526 4 0 0 1 0 0 0 0 0
527 18 0 0 0 0 0 0 0 0
528 8 1 1 0 0 0 2 0 0
530 2 1 1 1 0 0 1 0 0
531 2 0 0 1 0 0 0 0 0
536 2 0 0 0 0 0 1 0 0
538 1 0 0 0 0 0 1 0 0
539 1 0 0 0 0 0 1 0 0
542 3 0 0 0 0 0 1 0 0
544 3 1 1 1 0 0 1 0 0
548 1 0 0 0 0 0 1 0 0
551 9 0 0 7 0 0 0 0 0
fn=open_path
1443 4 0 0 0 0 0 2 0 0
1779 28 2 2 2 0 0 22 4 4
1780 4 0 0 2 0 0 2 0 0
1783 2 0 0 0 0 0 2 0 0
1784 2 1 1 0 0 0 2 0 0
1786 4 0 0 0 0 0 0 0 0
1791 44 2 2 6 0 0 0 0 0
1794 4 0 0 4 0 0 0 0 0
1798 2 0 0 0 0 0 2 0 0
1803 12 1 1 2 0 0 2 0 0
1810 10 0 0 4 0 0 2 1 1
1811 90 0 0 11 0 0 0 0 0
1814 32 0 0 16 0 0 0 0 0
1818 99 1 1 45 0 0 18 0 0
1821 18 0 0 0 0 0 9 0 0
1824 27 1 1 9 0 0 0 0 0
1827 63 0 0 27 0 0 9 0 0
1829 27 0 0 9 0 0 0 0 0
1831 16 0 0 0 0 0 0 0 0
1836 16 1 1 0 0 0 0 0 0
1837 56 0 0 24 0 0 0 0 0
1843 48 2 2 18 0 0 10 0 0
1845 56 1 1 8 0 0 8 0 0
1846 2 0 0 1 0 0 0 0 0
1848 32 1 1 1 0 0 9 0 0
1855 4 1 1 1 0 0 0 0 0
1857 2 0 0 0 0 0 0 0 0
1865 4 0 0 0 0 0 2 0 0
1893 2 1 1 0 0 0 0 0 0
1896 16 1 1 4 0 0 0 0 0
1901 4 1 1 4 0 0 0 0 0
1903 8 0 0 6 0 0 0 0 0
1906 6 0 0 2 0 0 0 0 0
1920 18 0 0 14 0 0 0 0 0
fn=open_verify.constprop.0
1466 121 1 1 0 0 0 66 1 1
1505 33 0 0 11 0 0 0 0 0
1518 9 1 1 0 0 0 0 0 0
1536 55 1 1 0 0 0 11 0 0
1538 22 0 0 0 0 0 0 0 0
1543 4 0 0 0 0 0 0 0 0
1549 6 0 0 0 0 0 2 0 0
1550 4 0 0 0 0 0 4 0 0
1555 12 1 1 2 0 0 2 0 0
1557 4 0 0 0 0 0 0 0 0
1559 6 0 0 2 0 0 2 0 0
1561 4 0 0 0 0 0 0 0 0
1567 4 0 0 0 0 0 0 0 0
1583 38 3 3 18 1 1 0 0 0
1657 4 0 0 2 0 0 0 0 0
1662 4 1 1 2 0 0 0 0 0
1664 8 0 0 2 0 0 0 0 0
1670 4 0 0 2 0 0 0 0 0
1676 10 1 1 2 0 0 0 0 0
1677 8 0 0 2 0 0 0 0 0
1678 2 0 0 1 0 0 0 0 0
1681 16 1 1 1 0 0 0 0 0
1682 13 1 1 2 0 0 2 0 0
1698 92 0 0 0 0 0 0 0 0
1699 44 1 1 20 7 7 0 0 0
1700 16 0 0 4 1 1 0 0 0
1704 16 0 0 8 0 0 0 0 0
1705 6 1 1 2 0 0 0 0 0
1710 4 1 1 0 0 0 0 0 0
1711 32 1 1 2 0 0 0 0 0
1721 28 1 1 6 0 0 8 1 1
1729 36 0 0 24 2 2 0 0 0
1731 4 0 0 0 0 0 0 0 0
1732 36 2 2 12 0 0 0 0 0
1735 12 0 0 0 0 0 0 0 0
1740 2 0 0 0 0 0 0 0 0
1741 8 0 0 2 0 0 0 0 0
1744 4 0 0 0 0 0 0 0 0
1747 4 1 1 2 0 0 0 0 0
1748 8 0 0 2 0 0 0 0 0
1749 2 0 0 2 1 1 0 0 0
1750 6 0 0 2 0 0 0 0 0
1751 6 0 0 2 0 0 0 0 0
1761 6 0 0 0 0 0 2 0 0
1765 99 1 1 77 0 0 0 0 0
fn=open_verify.constprop.1
1466 11 1 1 0 0 0 6 0 0
1536 4 0 0 0 0 0 1 0 0
1538 2 1 1 0 0 0 0 0 0
1543 2 0 0 0 0 0 0 0 0
1549 3 0 0 0 0 0 1 0 0
1550 2 0 0 0 0 0 2 0 0
1555 6 0 0 1 0 0 1 0 0
1557 2 0 0 0 0 0 0 0 0
1559 3 1 1 1 0 0 1 0 0
1561 2 0 0 0 0 0 0 0 0
1567 2 0 0 0 0 0 0 0 0
1583 16 3 3 8 0 0 0 0 0
1657 2 0 0 1 0 0 0 0 0
1662 2 0 0 1 0 0 0 0 0
1664 4 0 0 1 0 0 0 0 0
1670 2 1 1 1 1 1 0 0 0
1676 5 0 0 1 0 0 0 0 0
1677 4 0 0 1 0 0 0 0 0
1678 2 0 0 1 0 0 0 0 0
1698 70 1 1 0 0 0 0 0 0
1699 28 0 0 13 9 9 0 0 0
1700 8 1 1 2 0 0 0 0 0
1704 8 0 0 4 0 0 0 0 0
1705 6 1 1 2 0 0 0 0 0
1721 4 1 1 0 0 0 0 0 0
1729 12 1 1 8 1 1 0 0 0
1731 2 0 0 0 0 0 0 0 0
1732 18 1 1 6 0 0 0 0 0
1735 6 0 0 0 0 0 0 0 0
1741 4 1 1 2 0 0 0 0 0
1761 2 0 0 0 0 0 1 0 0
1765 9 0 0 7 0 0 0 0 0
fl=/build/glibc-YbNSs7/glibc-2.31/elf/dl-lookup.c
fn=_dl_lookup_symbol_x
581 236 0 0 0 0 0 0 0 0
582 6890 1 1 1693 96 91 0 0 0
583 6300 0 0 0 0 0 0 0 0
841 1652 2 2 0 0 0 1180 5 1
843 236 0 0 0 0 0 118 1 0
844 236 0 0 0 0 0 118 0 0
847 118 0 0 118 2 0 0 0 0
851 444 0 0 222 0 0 0 0 0
853 708 0 0 118 0 0 118 0 0
854 590 1 1 472 5 0 0 0 0
860 314 0 0 26 0 0 0 0 0
861 1993 2 2 695 0 0 826 2 0
866 236 0 0 118 0 0 0 0 0
868 78 1 1 13 0 0 0 0 0
885 13 1 1 0 0 0 13 0 0
886 26 0 0 0 0 0 0 0 0
890 840 0 0 210 0 0 0 0 0
930 420 0 0 105 0 0 0 0 0
944 315 1 1 105 3 1 0 0 0
945 2 1 1 0 0 0 1 0 0
947 420 0 0 210 0 0 0 0 0
952 105 0 0 0 0 0 105 0 0
954 1062 0 0 826 0 0 0 0 0
fn=_dl_setup_hash
961 5 1 1 0 0 0 0 0 0
964 15 0 0 5 0 0 0 0 0
966 5 1 1 5 0 0 0 0 0
968 10 0 0 5 5 5 5 1 1
969 5 0 0 5 0 0 0 0 0
970 5 0 0 5 0 0 0 0 0
972 15 0 0 0 0 0 0 0 0
973 5 0 0 0 0 0 5 0 0
974 15 0 0 5 0 0 5 0 0
976 5 0 0 0 0 0 5 0 0
977 10 0 0 0 0 0 0 0 0
979 5 0 0 0 0 0 5 0 0
981 15 1 1 0 0 0 5 0 0
986 5 0 0 5 0 0 0 0 0
fn=check_match
75 1404 1 1 324 31 25 540 2 0
78 648 2 2 108 12 11 0 0 0
91 630 0 0 0 0 0 0 0 0
94 438 0 0 76 0 0 38 0 0
98 105 0 0 105 0 0 0 0 0
99 210 0 0 0 0 0 0 0 0
101 208 1 1 0 0 0 0 0 0
120 208 0 0 208 17 10 0 0 0
121 832 0 0 312 3 0 0 0 0
122 520 1 1 208 2 0 104 1 1
149 2 0 0 0 0 0 0 0 0
151 6 0 0 2 0 0 0 0 0
152 4 0 0 0 0 0 0 0 0
160 111 0 0 0 0 0 0 0 0
167 648 1 1 648 0 0 0 0 0
fn=do_lookup_x
294 735 2 2 525 0 0 0 0 0
325 42 2 2 35 0 0 0 0 0
368 1652 2 2 236 0 0 1180 8 3
369 118 0 0 118 2 0 0 0 0
375 118 0 0 118 0 0 0 0 0
379 974 1 1 974 11 0 0 0 0
382 974 0 0 0 0 0 0 0 0
386 1328 0 0 118 0 0 118 0 0
390 974 0 0 487 9 0 0 0 0
394 974 1 1 487 2 0 0 0 0
400 1461 1 1 487 4 0 0 0 0
404 487 0 0 0 0 0 487 0 0
405 487 0 0 0 0 0 487 0 0
408 1461 0 0 974 18 0 487 1 1
409 1461 0 0 974 5 0 487 0 0
412 487 1 1 487 0 0 0 0 0
413 974 0 0 0 0 0 0 0 0
415 487 0 0 487 66 48 0 0 0
416 236 0 0 0 0 0 118 0 0
417 974 0 0 974 0 0 0 0 0
420 2435 0 0 974 0 0 0 0 0
423 3409 0 0 0 0 0 0 0 0
426 228 0 0 228 61 54 0 0 0
427 342 1 1 0 0 0 0 0 0
428 228 0 0 0 0 0 0 0 0
430 224 0 0 112 0 0 0 0 0
433 1115 1 1 223 88 77 0 0 0
435 324 0 0 108 0 0 0 0 0
436 2964 2 2 876 0 0 1320 3 1
437 216 0 0 0 0 0 0 0 0
440 330 0 0 3 0 0 0 0 0
443 354 0 0 0 0 0 0 0 0
451 590 0 0 0 0 0 118 0 0
474 14 1 1 7 0 0 0 0 0
482 210 1 1 105 0 0 0 0 0
533 210 0 0 0 0 0 0 0 0
536 784 1 1 105 0 0 0 0 0
540 42 1 1 14 1 0 0 0 0
552 525 0 0 105 0 0 105 0 0
554 210 0 0 0 0 0 0 0 0
571 1146 0 0 0 0 0 0 0 0
574 13 0 0 0 0 0 0 0 0
575 944 1 1 826 0 0 0 0 0
fl=/build/glibc-YbNSs7/glibc-2.31/elf/dl-minimal.c
fn=calloc
92 20 1 1 0 0 0 0 0 0
96 10 0 0 0 0 0 0 0 0
99 20 0 0 0 0 0 0 0 0
100 30 0 0 0 0 0 0 0 0
103 10 0 0 0 0 0 0 0 0
fn=free
109 4 1 1 0 0 0 0 0 0
111 16 0 0 8 0 0 0 0 0
fn=malloc
49 135 1 1 0 0 0 54 1 1
50 108 1 1 54 0 0 0 0 0
55 3 0 0 0 0 0 1 0 0
56 2 1 1 1 0 0 0 0 0
57 2 1 1 0 0 0 0 0 0
61 81 0 0 0 0 0 27 0 0
64 181 0 0 0 0 0 0 0 0
69 8 2 1 2 0 0 0 0 0
70 4 0 0 0 0 0 0 0 0
72 2 0 0 0 0 0 0 0 0
73 16 0 0 0 0 0 2 0 0
75 4 0 0 0 0 0 0 0 0
77 4 0 0 2 0 0 0 0 0
79 8 0 0 0 0 0 2 0 0
82 27 0 0 0 0 0 27 0 0
83 27 0 0 0 0 0 27 0 0
85 108 0 0 81 0 0 0 0 0
fn=strsep
262 2 1 1 0 0 0 0 0 0
265 4 0 0 2 1 1 0 0 0
267 2 0 0 2 0 0 0 0 0
268 4 0 0 0 0 0 0 0 0
272 77 0 0 15 0 0 0 0 0
277 56 1 1 28 0 0 0 0 0
279 84 0 0 28 0 0 0 0 0
287 14 0 0 0 0 0 0 0 0
290 1 0 0 0 0 0 1 0 0
294 4 0 0 2 0 0 0 0 0
fl=/build/glibc-YbNSs7/glibc-2.31/elf/dl-misc.c
fn=_dl_name_match_p
282 234 1 1 0 0 0 78 1 1
283 195 0 0 39 0 0 39 0 0
284 47 0 0 0 0 0 0 0 0
286 39 0 0 39 0 0 0 0 0
288 156 0 0 0 0 0 0 0 0
289 235 1 1 47 0 0 47 0 0
292 39 0 0 39 0 0 0 0 0
294 31 0 0 0 0 0 0 0 0
295 156 0 0 117 0 0 0 0 0
fn=_dl_sysdep_read_whole_file
44 9 2 2 0 0 0 4 1 1
47 3 0 0 0 0 0 1 0 0
48 2 0 0 0 0 0 0 0 0
50 7 0 0 0 0 0 1 0 0
52 2 0 0 1 0 0 1 0 0
55 2 1 1 0 0 0 0 0 0
57 8 0 0 0 0 0 1 0 0
68 3 0 0 0 0 0 1 0 0
71 7 0 0 5 0 0 0 0 0
fl=/build/glibc-YbNSs7/glibc-2.31/elf/dl-object.c
fn=_dl_add_to_namespace_list
31 24 2 2 0 0 0 12 1 1
33 12 0 0 4 0 0 4 0 0
35 27 0 0 4 0 0 0 0 0
38 36 0 0 9 0 0 0 0 0
40 3 0 0 0 0 0 3 0 0
42 3 0 0 0 0 0 3 0 0
45 2 0 0 0 0 0 1 0 0
46 12 1 1 4 0 0 0 0 0
47 8 0 0 4 0 0 4 0 0
48 8 0 0 0 0 0 4 0 0
50 8 0 0 4 0 0 0 0 0
51 12 0 0 12 0 0 0 0 0
fn=_dl_new_object
59 52 1 1 0 0 0 36 3 3
62 12 1 1 0 0 0 4 0 0
64 2 1 1 0 0 0 0 0 0
65 6 0 0 0 0 0 0 0 0
69 2 0 0 0 0 0 0 0 0
74 1 0 0 0 0 0 0 0 0
77 27 0 0 3 0 0 3 0 0
89 20 1 1 0 0 0 12 0 0
92 8 0 0 0 0 0 0 0 0
95 4 0 0 0 0 0 4 4 4
96 12 0 0 4 0 0 4 4 4
100 8 1 1 0 0 0 4 1 1
101 32 0 0 8 0 0 12 2 2
103 4 0 0 0 0 0 4 0 0
116 26 0 0 12 0 0 0 0 0
122 1 0 0 0 0 0 0 0 0
124 28 1 1 8 4 4 8 0 0
127 8 0 0 4 0 0 0 0 0
128 8 1 1 0 0 0 4 4 4
129 4 0 0 0 0 0 4 0 0
133 4 0 0 0 0 0 4 0 0
136 70 2 2 3 0 0 0 0 0
138 16 0 0 0 0 0 16 4 4
146 8 0 0 0 0 0 4 1 1
147 4 1 1 0 0 0 4 4 4
150 1 0 0 0 0 0 0 0 0
152 24 0 0 4 0 0 0 0 0
154 12 0 0 0 0 0 3 1 1
157 10 1 1 0 0 0 0 0 0
161 12 0 0 3 0 0 0 0 0
165 15 0 0 0 0 0 0 0 0
167 1 1 1 0 0 0 0 0 0
173 1 0 0 0 0 0 1 1 1
176 8 0 0 0 0 0 4 0 0
186 12 0 0 0 0 0 4 0 0
188 15 1 1 3 0 0 6 0 0
192 12 0 0 3 0 0 0 0 0
196 9 0 0 0 0 0 3 0 0
197 12 0 0 0 0 0 0 0 0
205 3 0 0 0 0 0 0 0 0
209 3 0 0 0 0 0 0 0 0
242 12 1 1 6 0 0 3 0 0
247 106 0 0 0 0 0 0 0 0
248 106 0 0 53 0 0 0 0 0
250 6 0 0 0 0 0 0 0 0
253 3 0 0 0 0 0 3 0 0
256 3 0 0 0 0 0 3 1 1
260 36 1 1 28 0 0 0 0 0
fl=/build/glibc-YbNSs7/glibc-2.31/elf/dl-open.c
fn=_dl_find_dso_for_object
201 9 1 1 0 0 0 4 0 0
205 3 0 0 1 0 0 0 0 0
206 13 0 0 4 0 0 0 0 0
207 16 1 1 8 1 0 0 0 0
208 2 0 0 1 0 0 0 0 0
211 2 1 1 1 0 0 0 0 0
215 7 0 0 5 0 0 0 0 0
fl=/build/glibc-YbNSs7/glibc-2.31/elf/dl-reloc.c
fn=_dl_relocate_object
167 65 1 1 0 0 0 40 0 0
177 8 0 0 0 0 0 0 0 0
178 15 1 1 0 0 0 10 0 0
182 10 1 1 0 0 0 0 0 0
183 25 0 0 5 1 0 5 0 0
189 10 0 0 5 0 0 0 0 0
195 25 1 1 10 0 0 0 0 0
196 10 1 1 5 4 0 0 0 0
199 11 0 0 0 0 0 0 0 0
206 20 0 0 5 1 0 5 0 0
246 15 1 1 10 0 0 5 0 0
274 250 4 4 105 16 0 38 0 0
277 20 1 1 5 0 0 0 0 0
301 5 0 0 5 0 0 0 0 0
304 10 0 0 5 0 0 0 0 0
321 15 0 0 5 3 0 0 0 0
323 40 0 0 35 1 0 0 0 0
329 30 1 1 15 1 0 0 0 0
332 10 0 0 0 0 0 0 0 0
336 10 1 1 0 0 0 0 0 0
337 30 0 0 0 0 0 5 0 0
fl=/build/glibc-YbNSs7/glibc-2.31/elf/dl-sort-maps.c
fn=_dl_sort_maps
28 13 1 1 0 0 0 10 0 0
30 2 0 0 0 0 0 0 0 0
33 4 0 0 0 0 0 1 0 0
34 20 2 2 1 0 0 1 0 0
35 13 1 1 2 0 0 4 0 0
39 24 0 0 8 0 0 8 0 0
40 12 1 1 8 0 0 0 0 0
42 8 0 0 4 0 0 0 0 0
54 41 1 1 13 0 0 0 0 0
56 18 0 0 12 0 0 0 0 0
57 12 0 0 0 0 0 0 0 0
59 30 1 1 10 0 0 0 0 0
60 21 0 0 0 0 0 0 0 0
90 12 0 0 0 0 0 0 0 0
115 21 0 0 7 0 0 0 0 0
118 27 2 2 3 0 0 3 0 0
122 8 0 0 7 0 0 0 0 0
fl=/build/glibc-YbNSs7/glibc-2.31/elf/dl-tunables.c
fn=__GI___tunables_init
67 380 1 1 76 0 0 0 0 0
70 150 0 0 0 0 0 0 0 0
73 7756 1 1 1108 39 39 0 0 0
77 150 0 0 0 0 0 0 0 0
82 450 0 0 0 0 0 75 1 1
278 5 0 0 1 0 0 0 0 0
287 9 1 1 0 0 0 6 0 0
310 8400 1 1 0 0 0 0 0 0
316 10500 1 1 4200 0 0 0 0 0
328 300 0 0 75 0 0 0 0 0
362 8 0 0 7 0 0 0 0 0
fn=__tunable_get_val
368 23 1 1 0 0 0 0 0 0
371 224 0 0 23 13 0 0 0 0
380 26 1 1 23 3 0 3 0 0
390 20 1 1 0 0 0 20 0 0
391 20 0 0 0 0 0 0 0 0
397 115 0 0 23 1 0 0 0 0
399 23 0 0 23 0 0 0 0 0
fl=/build/glibc-YbNSs7/glibc-2.31/elf/dl-tunables.h
fn=__GI___tunables_init
119 5299 1 1 1559 9 9 0 0 0
120 3118 0 0 0 0 0 0 0 0
fl=/build/glibc-YbNSs7/glibc-2.31/elf/dl-version.c
fn=_dl_check_all_versions
362 6 1 1 0 0 0 4 0 0
364 2 0 0 0 0 0 0 0 0
366 20 0 0 5 0 0 0 0 0
368 50 1 1 5 0 0 5 0 0
371 7 0 0 5 0 0 0 0 0
fn=_dl_check_map_versions
37 67 0 0 10 0 0 0 0 0
38 16 0 0 16 0 0 0 0 0
39 105 1 1 0 0 0 21 0 0
57 33 0 0 22 0 0 11 0 0
65 33 0 0 11 0 0 0 0 0
71 33 1 1 11 0 0 0 0 0
87 11 0 0 11 1 0 0 0 0
88 22 0 0 0 0 0 0 0 0
90 11 0 0 11 0 0 0 0 0
95 227 0 0 86 15 15 22 0 0
109 172 0 0 86 6 6 0 0 0
111 11 1 1 11 1 1 0 0 0
114 93 1 1 27 1 1 11 0 0
121 225 1 1 75 6 6 0 0 0
125 75 0 0 0 0 0 0 0 0
143 25 1 1 0 0 0 15 0 0
156 50 1 1 0 0 0 40 0 0
157 5 0 0 0 0 0 5 0 0
165 5 0 0 0 0 0 0 0 0
171 15 0 0 5 0 0 0 0 0
173 10 0 0 5 0 0 5 0 0
175 10 1 1 5 0 0 5 0 0
176 15 0 0 5 0 0 5 0 0
178 10 0 0 0 0 0 0 0 0
181 9 0 0 6 0 0 3 0 0
185 21 1 1 6 2 2 0 0 0
198 2 0 0 0 0 0 0 0 0
199 2 0 0 0 0 0 0 0 0
201 10 0 0 10 0 0 0 0 0
209 15 0 0 5 0 0 0 0 0
210 3 1 1 0 0 0 0 0 0
214 15 0 0 10 1 1 0 0 0
218 113 1 1 87 0 0 0 0 0
220 11 0 0 11 0 0 0 0 0
222 28 0 0 11 2 2 11 0 0
225 44 1 1 11 0 0 0 0 0
228 33 0 0 11 0 0 0 0 0
233 6 0 0 0 0 0 0 0 0
237 20 0 0 10 0 0 0 0 0
242 4 0 0 0 0 0 2 0 0
251 17 0 0 5 0 0 0 0 0
254 12 0 0 9 0 0 0 0 0
257 200 0 0 50 0 0 0 0 0
260 150 0 0 50 0 0 0 0 0
264 47 0 0 0 0 0 0 0 0
268 8 1 1 0 0 0 0 0 0
273 4 0 0 0 0 0 4 1 0
274 20 2 2 0 0 0 4 0 0
275 8 0 0 0 0 0 0 0 0
285 4 0 0 0 0 0 4 0 0
288 12 0 0 8 2 0 4 0 0
290 12 1 1 4 0 0 0 0 0
293 12 0 0 9 0 0 0 0 0
295 2 0 0 0 0 0 0 0 0
297 15 0 0 5 0 0 0 0 0
300 33 1 1 11 0 0 0 0 0
302 44 0 0 0 0 0 0 0 0
304 55 0 0 11 0 0 11 0 0
305 33 0 0 0 0 0 11 6 6
306 33 0 0 11 0 0 11 2 2
307 33 0 0 11 0 0 11 0 0
310 33 0 0 11 0 0 0 0 0
315 6 0 0 0 0 0 0 0 0
318 15 1 1 5 0 0 0 0 0
323 2 0 0 0 0 0 0 0 0
328 12 0 0 4 0 0 0 0 0
331 12 0 0 9 0 0 0 0 0
335 47 0 0 47 0 0 0 0 0
337 100 1 1 50 0 0 0 0 0
341 47 0 0 47 0 0 0 0 0
342 235 0 0 47 0 0 47 12 12
343 141 0 0 47 0 0 47 0 0
344 47 0 0 0 0 0 47 5 5
347 150 0 0 50 0 0 0 0 0
351 47 0 0 0 0 0 0 0 0
357 45 0 0 40 0 0 0 0 0
fl=/build/glibc-YbNSs7/glibc-2.31/elf/do-rel.h
fn=_dl_relocate_object
47 30 0 0 10 0 0 10 0 0
48 10 0 0 10 1 0 0 0 0
50 10 0 0 0 0 0 4 0 0
51 8 1 1 0 0 0 5 1 0
58 30 0 0 10 1 0 0 0 0
61 234 0 0 0 0 0 0 0 0
63 304 1 1 76 27 27 0 0 0
65 170 1 1 0 0 0 0 0 0
74 6 0 0 0 0 0 0 0 0
75 184 0 0 2 0 0 0 0 0
76 112 0 0 56 0 0 0 0 0
83 14 0 0 7 0 0 7 0 0
84 7 1 1 7 0 0 0 0 0
86 21 0 0 7 0 0 0 0 0
98 21 0 0 0 0 0 0 0 0
108 10 0 0 0 0 0 0 0 0
111 3674 2 2 0 0 0 0 0 0
112 2440 0 0 1220 155 153 0 0 0
118 21 0 0 7 5 0 0 0 0
121 12 1 1 6 1 0 6 1 0
124 405 1 1 137 0 0 0 0 0
127 524 0 0 131 35 32 0 0 0
136 524 0 0 262 49 45 0 0 0
137 393 1 1 131 0 0 0 0 0
138 595 0 0 131 1 0 131 1 0
139 393 0 0 262 0 0 131 0 0
143 20 0 0 8 0 0 0 0 0
160 21 2 2 7 0 0 2 0 0
162 20 0 0 5 1 1 0 0 0
170 30 1 1 5 0 0 5 0 0
171 15 0 0 10 0 0 5 0 0
174 3 0 0 1 0 0 0 0 0
fn=_dl_start
83 1 0 0 1 0 0 0 0 0
84 1 0 0 1 0 0 0 0 0
111 135 1 1 0 0 0 0 0 0
112 88 0 0 44 6 6 0 0 0
116 2 0 0 1 0 0 0 0 0
124 29 1 1 0 0 0 0 0 0
136 27 0 0 9 2 2 0 0 0
137 18 1 1 0 0 0 0 0 0
139 18 0 0 9 0 0 0 0 0
fl=/build/glibc-YbNSs7/glibc-2.31/elf/get-dynamic-info.h
fn=_dl_map_object_from_fd
42 3 0 0 0 0 0 0 0 0
46 3 0 0 0 0 0 0 0 0
48 231 1 1 77 21 21 0 0 0
50 148 1 1 0 0 0 0 0 0
63 71 0 0 0 0 0 0 0 0
64 48 0 0 0 0 0 14 6 6
65 15 0 0 0 0 0 0 0 0
67 3 0 0 0 0 0 0 0 0
68 15 1 1 0 0 0 0 0 0
69 3 0 0 0 0 0 0 0 0
71 15 0 0 0 0 0 0 0 0
72 12 0 0 0 0 0 0 0 0
73 120 0 0 0 0 0 60 12 12
74 74 0 0 0 0 0 0 0 0
81 6 0 0 0 0 0 0 0 0
101 11 1 1 5 0 0 0 0 0
102 12 0 0 6 0 0 0 0 0
103 12 0 0 6 0 0 0 0 0
104 12 0 0 6 0 0 0 0 0
106 12 0 0 6 0 0 0 0 0
111 12 1 1 6 0 0 0 0 0
112 11 0 0 5 1 1 0 0 0
113 12 0 0 6 0 0 0 0 0
118 9 0 0 3 0 0 0 0 0
123 6 1 1 3 0 0 0 0 0
130 6 0 0 3 0 0 0 0 0
131 9 0 0 6 0 0 0 0 0
149 9 0 0 3 0 0 0 0 0
154 4 0 0 2 0 0 2 0 0
156 4 0 0 0 0 0 0 0 0
158 4 0 0 0 0 0 0 0 0
160 4 0 0 0 0 0 0 0 0
163 9 1 1 3 0 0 0 0 0
165 3 0 0 1 0 0 1 1 1
166 2 1 1 0 0 0 0 0 0
175 2 0 0 1 0 0 0 0 0
180 2 0 0 0 0 0 0 0 0
183 6 0 0 3 0 0 0 0 0
fn=_dl_start
48 57 1 1 19 6 6 0 0 0
50 36 1 1 0 0 0 0 0 0
63 21 0 0 0 0 0 0 0 0
64 14 0 0 0 0 0 4 2 2
65 5 1 1 0 0 0 0 0 0
67 1 0 0 0 0 0 0 0 0
68 5 0 0 0 0 0 0 0 0
69 1 1 1 0 0 0 0 0 0
71 5 1 1 0 0 0 0 0 0
72 4 1 1 0 0 0 0 0 0
73 16 0 0 0 0 0 14 5 5
74 18 0 0 0 0 0 0 0 0
81 2 0 0 0 0 0 0 0 0
101 4 0 0 2 0 0 0 0 0
102 4 0 0 2 0 0 0 0 0
103 4 1 1 2 0 0 0 0 0
104 4 0 0 2 0 0 0 0 0
106 4 0 0 2 0 0 0 0 0
111 4 0 0 2 0 0 0 0 0
112 4 1 1 2 0 0 0 0 0
113 4 0 0 2 0 0 0 0 0
118 3 0 0 1 0 0 0 0 0
123 2 0 0 1 0 0 0 0 0
130 3 1 1 1 0 0 0 0 0
131 3 0 0 2 0 0 0 0 0
139 3 0 0 1 0 0 0 0 0
142 3 0 0 1 1 1 0 0 0
146 2 1 1 1 0 0 0 0 0
147 2 0 0 1 0 0 0 0 0
fn=dl_main
33 1 0 0 1 0 0 0 0 0
42 2 0 0 0 0 0 0 0 0
46 1 0 0 0 0 0 0 0 0
48 84 1 1 28 8 8 0 0 0
50 54 0 0 0 0 0 0 0 0
63 25 0 0 0 0 0 0 0 0
64 17 1 1 0 0 0 5 2 2
65 5 2 2 0 0 0 0 0 0
68 5 0 0 0 0 0 0 0 0
69 1 0 0 0 0 0 0 0 0
71 5 1 1 0 0 0 0 0 0
72 5 0 0 0 0 0 0 0 0
73 22 0 0 0 0 0 22 4 4
74 27 0 0 0 0 0 0 0 0
81 3 0 0 1 0 0 0 0 0
101 3 0 0 1 0 0 0 0 0
102 4 0 0 2 0 0 0 0 0
103 4 0 0 2 0 0 0 0 0
104 4 0 0 2 0 0 0 0 0
106 4 1 1 2 0 0 0 0 0
111 4 0 0 2 0 0 0 0 0
112 4 0 0 2 0 0 0 0 0
113 4 0 0 2 0 0 0 0 0
118 3 1 1 1 0 0 0 0 0
123 2 0 0 1 0 0 0 0 0
130 2 0 0 1 0 0 0 0 0
131 3 0 0 2 0 0 0 0 0
149 3 0 0 1 0 0 0 0 0
154 2 1 1 1 0 0 1 0 0
156 2 0 0 0 0 0 0 0 0
158 2 0 0 0 0 0 0 0 0
160 2 0 0 0 0 0 0 0 0
161 1 0 0 0 0 0 1 0 0
163 3 0 0 1 0 0 0 0 0
165 3 1 1 1 0 0 1 0 0
166 2 0 0 0 0 0 0 0 0
175 2 0 0 1 0 0 0 0 0
180 2 0 0 0 0 0 0 0 0
181 2 0 0 1 0 0 1 0 0
183 2 0 0 1 0 0 0 0 0
fl=/build/glibc-YbNSs7/glibc-2.31/elf/rtld.c
fn=_dl_start
67 8 0 0 0 0 0 2 1 1
466 2 0 0 0 0 0 1 1 1
467 2 0 0 0 0 0 1 0 0
468 2 1 1 0 0 0 1 0 0
469 2 0 0 0 0 0 1 1 1
470 2 0 0 0 0 0 1 0 0
479 1 0 0 0 0 0 1 0 0
485 4 1 0 0 0 0 1 0 0
487 2 0 0 1 0 0 0 0 0
499 10 1 1 0 0 0 6 1 1
540 1 0 0 0 0 0 1 0 0
543 1 0 0 0 0 0 1 1 1
554 2 0 0 0 0 0 0 0 0
559 25 2 2 9 0 0 0 0 0
561 1 1 1 1 1 1 0 0 0
586 9 1 0 7 2 0 0 0 0
fn=dl_main
67 16 3 3 0 0 0 0 0 0
74 12 0 0 0 0 0 0 0 0
75 2 0 0 0 0 0 1 0 0
83 8 0 0 3 0 0 0 0 0
215 2 0 0 0 0 0 1 1 1
217 1 0 0 0 0 0 1 0 0
856 1 0 0 1 0 0 0 0 0
858 1 1 1 0 0 0 1 0 0
867 1 0 0 0 0 0 1 0 0
869 1 0 0 0 0 0 1 0 0
874 1 0 0 0 0 0 1 0 0
1127 14 1 1 0 0 0 8 1 1
1133 1 0 0 0 0 0 0 0 0
1136 1 0 0 0 0 0 1 0 0
1137 1 0 0 0 0 0 1 0 0
1142 2 0 0 0 0 0 1 1 1
1146 6 0 0 0 0 0 1 1 1
1152 2 0 0 0 0 0 1 1 1
1162 3 1 1 1 0 0 0 0 0
1370 8 1 1 0 0 0 1 0 0
1372 2 0 0 0 0 0 0 0 0
1373 1 0 0 0 0 0 1 1 1
1374 2 1 1 1 0 0 1 0 0
1375 2 0 0 1 0 0 1 0 0
1379 3 0 0 0 0 0 1 0 0
1380 2 0 0 1 0 0 0 0 0
1402 1 0 0 0 0 0 1 0 0
1404 2 1 1 1 1 1 1 0 0
1406 1 0 0 1 0 0 0 0 0
1409 47 1 1 14 0 0 1 0 0
1410 118 1 1 22 7 7 0 0 0
1414 3 1 1 1 0 0 1 0 0
1419 3 0 0 2 0 0 1 0 0
1428 2 0 0 0 0 0 1 1 1
1429 2 0 0 2 1 1 0 0 0
1431 1 0 0 0 0 0 1 0 0
1438 3 1 1 1 0 0 0 0 0
1450 3 0 0 0 0 0 1 0 0
1456 1 1 1 0 0 0 0 0 0
1464 8 0 0 4 0 0 0 0 0
1465 17 2 2 9 1 1 1 0 0
1466 8 0 0 4 0 0 0 0 0
1467 1 0 0 0 0 0 1 0 0
1470 8 0 0 4 3 3 0 0 0
1471 8 0 0 4 0 0 0 0 0
1472 4 0 0 0 0 0 4 0 0
1473 10 0 0 5 0 0 0 0 0
1474 1 0 0 0 0 0 1 0 0
1501 2 1 1 1 0 0 1 0 0
1505 4 1 1 2 0 0 1 1 1
1518 7 1 1 4 1 1 0 0 0
1521 2 0 0 0 0 0 0 0 0
1523 2 1 1 0 0 0 0 0 0
1525 3 0 0 1 0 0 0 0 0
1538 3 0 0 1 0 0 0 0 0
1539 5 0 0 1 0 0 1 0 0
1541 3 0 0 3 0 0 0 0 0
1544 1 0 0 0 0 0 1 0 0
1546 1 1 1 0 0 0 1 1 1
1547 1 0 0 0 0 0 1 0 0
1549 2 0 0 1 0 0 0 0 0
1550 2 0 0 0 0 0 1 0 0
1554 2 0 0 1 0 0 0 0 0
1556 2 1 1 1 0 0 0 0 0
1561 2 1 1 0 0 0 1 0 0
1564 2 0 0 1 0 0 0 0 0
1589 10 0 0 1 0 0 2 0 0
1594 2 0 0 1 0 0 1 0 0
1597 4 0 0 1 0 0 2 0 0
1599 1 1 1 0 0 0 1 0 0
1604 2 0 0 1 0 0 0 0 0
1607 4 1 1 2 0 0 1 0 0
1608 4 0 0 1 0 0 1 0 0
1609 2 0 0 1 0 0 1 0 0
1610 1 1 1 0 0 0 1 0 0
1611 1 0 0 1 0 0 0 0 0
1612 1 0 0 1 0 0 0 0 0
1617 2 0 0 1 0 0 0 0 0
1618 6 2 2 1 0 0 1 0 0
1635 2 0 0 1 1 1 0 0 0
1636 2 0 0 1 0 0 0 0 0
1638 2 0 0 1 0 0 0 0 0
1640 1 1 1 0 0 0 1 0 0
1641 3 0 0 1 0 0 1 0 0
1646 5 0 0 0 0 0 0 0 0
1647 5 0 0 1 1 1 0 0 0
1649 4 1 1 2 1 1 1 1 1
1651 1 0 0 0 0 0 0 0 0
1655 2 1 1 1 1 1 0 0 0
1660 1 0 0 0 0 0 1 0 0
1661 2 0 0 1 0 0 0 0 0
1685 2 0 0 0 0 0 2 0 0
1693 3 0 0 1 0 0 0 0 0
1696 2 1 1 1 0 0 1 0 0
1700 3 0 0 1 0 0 0 0 0
1705 2 0 0 1 0 0 1 0 0
1706 1 0 0 0 0 0 1 0 0
1707 1 0 0 0 0 0 0 0 0
1711 3 0 0 1 0 0 0 0 0
1727 3 1 1 2 0 0 0 0 0
1729 1 0 0 0 0 0 0 0 0
1731 2 0 0 1 0 0 0 0 0
1735 5 1 1 1 0 0 1 0 0
1739 2 0 0 1 0 0 0 0 0
1754 5 1 1 0 0 0 1 0 0
1830 4 0 0 2 0 0 0 0 0
1834 20 2 2 1 0 0 0 0 0
1835 1 0 0 0 0 0 0 0 0
1838 3 0 0 0 0 0 1 0 0
1839 1 0 0 1 0 0 0 0 0
1840 2 0 0 0 0 0 0 0 0
1841 2 1 1 0 0 0 0 0 0
1850 8 1 1 1 0 0 1 0 0
1855 23 1 1 1 0 0 0 0 0
1856 13 0 0 11 0 0 0 0 0
1859 3 0 0 2 0 0 1 0 0
1860 3 0 0 1 0 0 0 0 0
1861 1 0 0 0 0 0 1 0 0
1863 12 0 0 0 0 0 0 0 0
1864 20 1 1 9 0 0 0 0 0
1874 5 1 1 1 0 0 1 0 0
1876 3 0 0 1 0 0 1 0 0
1877 3 1 1 1 0 0 0 0 0
1879 2 0 0 0 0 0 1 0 0
1881 3 0 0 0 0 0 0 0 0
1883 3 0 0 1 0 0 0 0 0
1884 1 0 0 1 0 0 0 0 0
1897 2 0 0 0 0 0 0 0 0
1898 2 1 1 1 0 0 1 0 0
1899 3 0 0 1 0 0 0 0 0
1910 5 2 2 1 0 0 1 0 0
1911 1 0 0 0 0 0 1 1 1
1912 5 0 0 0 0 0 1 0 0
1922 2 0 0 1 0 0 1 0 0
1923 2 0 0 1 0 0 0 0 0
1924 4 1 1 0 0 0 2 0 0
1926 2 0 0 1 0 0 0 0 0
1931 3 0 0 1 0 0 0 0 0
2161 3 1 1 1 0 0 0 0 0
2217 1 0 0 0 0 0 1 0 0
2221 2 1 1 1 0 0 1 0 0
2227 2 0 0 1 0 0 1 0 0
2230 2 1 1 0 0 0 0 0 0
2238 1 0 0 1 0 0 0 0 0
2284 3 0 0 1 0 0 0 0 0
2287 1 0 0 1 0 0 0 0 0
2291 1 0 0 1 0 0 0 0 0
2292 19 0 0 0 0 0 0 0 0
2294 10 0 0 10 2 0 0 0 0
2299 10 1 1 10 3 0 0 0 0
2301 12 0 0 0 0 0 0 0 0
2303 1 1 1 0 0 0 1 0 0
2304 1 0 0 1 0 0 0 0 0
2307 5 0 0 5 0 0 0 0 0
2309 10 0 0 5 1 0 0 0 0
2310 32 0 0 8 3 0 4 0 0
2314 12 1 1 6 1 0 0 0 0
2315 4 0 0 0 0 0 1 0 0
2323 2 0 0 1 0 0 0 0 0
2328 4 1 1 2 1 0 0 0 0
2330 1 0 0 1 0 0 0 0 0
2337 3 0 0 1 0 0 1 0 0
2340 2 1 1 1 0 0 0 0 0
2349 3 1 1 2 1 0 0 0 0
2351 2 0 0 1 0 0 0 0 0
2364 1 0 0 1 0 0 0 0 0
2365 5 1 1 1 1 0 1 0 0
2375 1 0 0 0 0 0 1 0 0
2379 3 0 0 1 0 0 0 0 0
2400 4 0 0 0 0 0 1 0 0
2401 1 0 0 0 0 0 1 0 0
2402 1 0 0 0 0 0 1 0 0
2403 1 0 0 0 0 0 0 0 0
2407 1 0 0 0 0 0 1 0 0
2412 8 0 0 7 1 0 0 0 0
2554 2 1 1 1 0 0 1 1 1
2556 2 1 1 0 0 0 2 0 0
2557 1 0 0 0 0 0 0 0 0
2561 6 1 1 1 0 0 1 1 1
2563 16 0 0 3 0 0 3 1 1
2565 2 0 0 0 0 0 0 0 0
2567 105 0 0 21 0 0 0 0 0
2568 19 1 1 0 0 0 0 0 0
2576 12 0 0 2 1 1 0 0 0
2597 2 1 1 1 0 0 0 0 0
2604 6 1 1 3 0 0 0 0 0
2606 2 0 0 0 0 0 1 0 0
2607 1 1 1 0 0 0 0 0 0
2652 3 1 1 1 0 0 0 0 0
2653 5 2 2 2 0 0 0 0 0
2655 2 0 0 0 0 0 1 1 1
2656 1 0 0 0 0 0 0 0 0
2725 3 0 0 1 0 0 0 0 0
2757 3 0 0 1 0 0 0 0 0
fn=handle_preload_list
201 3 0 0 1 0 0 0 0 0
809 1 0 0 0 0 0 1 0 0
813 1 0 0 0 0 0 1 0 0
814 1 0 0 0 0 0 1 0 0
815 1 0 0 0 0 0 1 0 0
817 1 0 0 1 0 0 0 0 0
819 6 1 1 0 0 0 1 0 0
820 3 1 1 1 0 0 0 0 0
828 4 0 0 1 0 0 0 0 0
897 10 2 2 1 1 1 6 0 0
898 1 0 0 0 0 0 0 0 0
902 7 0 0 2 0 0 0 0 0
905 4 1 1 0 0 0 1 1 1
906 3 0 0 0 0 0 0 0 0
908 6 1 1 0 0 0 1 0 0
909 2 0 0 0 0 0 1 0 0
915 1 0 0 0 0 0 0 0 0
917 2 0 0 1 0 0 0 0 0
919 2 0 0 1 0 0 0 0 0
923 9 0 0 7 0 0 0 0 0
fn=init_tls
735 3 1 1 0 0 0 2 0 0
737 2 0 0 1 0 0 1 0 0
741 3 1 1 1 1 0 0 0 0
747 2 1 1 0 0 0 1 0 0
750 1 0 0 0 0 0 1 0 0
751 3 0 0 0 0 0 1 0 0
752 1 0 0 0 0 0 0 0 0
756 1 0 0 0 0 0 0 0 0
758 1 0 0 0 0 0 1 0 0
762 2 0 0 1 1 1 0 0 0
763 2 0 0 0 0 0 0 0 0
764 14 0 0 1 0 0 0 0 0
765 7 2 2 5 0 0 0 0 0
766 15 0 0 5 1 0 0 0 0
770 2 0 0 0 0 0 1 1 1
772 1 0 0 0 0 0 0 0 0
774 2 0 0 0 0 0 0 0 0
777 2 0 0 0 0 0 1 0 0
780 1 0 0 0 0 0 1 0 0
787 2 0 0 0 0 0 1 0 0
788 2 0 0 0 0 0 0 0 0
794 2 1 1 1 0 0 1 0 0
797 7 0 0 0 0 0 2 0 0
800 1 0 0 0 0 0 1 0 0
803 5 0 0 3 0 0 0 0 0
fn=map_doit
642 3 1 1 0 0 0 1 0 0
644 4 0 0 1 0 0 0 0 0
645 6 0 0 2 0 0 2 0 0
647 2 0 0 2 0 0 0 0 0
fn=rtld_lock_default_lock_recursive
840 5 1 1 0 0 0 0 0 0
841 5 0 0 5 2 1 0 0 0
842 5 0 0 5 0 0 0 0 0
fn=rtld_lock_default_unlock_recursive
846 5 0 0 0 0 0 0 0 0
847 5 0 0 5 1 0 0 0 0
848 5 0 0 5 0 0 0 0 0
fn=version_check_doit
675 3 1 1 0 0 0 1 0 0
677 6 0 0 2 0 0 1 0 0
681 2 0 0 2 0 0 0 0 0
fl=/build/glibc-YbNSs7/glibc-2.31/io/../sysdeps/unix/sysv/linux/access.c
fn=access
25 1 1 1 0 0 0 0 0 0
27 7 0 0 0 0 0 1 0 0
31 1 0 0 1 0 0 0 0 0
fl=/build/glibc-YbNSs7/glibc-2.31/io/../sysdeps/unix/sysv/linux/close_nocancel.c
fn=__GI___close_nocancel
25 4 1 1 0 0 0 0 0 0
26 16 0 0 0 0 0 0 0 0
27 4 0 0 4 0 0 0 0 0
fl=/build/glibc-YbNSs7/glibc-2.31/io/../sysdeps/unix/sysv/linux/open64_nocancel.c
fn=__open_nocancel
34 52 2 2 0 0 0 13 2 2
37 91 0 0 0 0 0 0 0 0
45 118 1 1 0 0 0 9 0 0
47 13 0 0 13 0 0 0 0 0
fl=/build/glibc-YbNSs7/glibc-2.31/io/../sysdeps/unix/sysv/linux/pread64_nocancel.c
fn=__pread64_nocancel
29 12 1 1 0 0 0 0 0 0
30 24 0 0 0 0 0 0 0 0
31 6 0 0 6 0 0 0 0 0
fl=/build/glibc-YbNSs7/glibc-2.31/io/../sysdeps/unix/sysv/linux/read_nocancel.c
fn=__read_nocancel
25 3 1 1 0 0 0 0 0 0
26 12 0 0 0 0 0 0 0 0
27 3 0 0 3 0 0 0 0 0
fl=/build/glibc-YbNSs7/glibc-2.31/io/../sysdeps/unix/sysv/linux/wordsize-64/fxstat.c
fn=_fxstat
33 16 1 1 0 0 0 0 0 0
34 8 0 0 0 0 0 0 0 0
35 16 1 1 0 0 0 0 0 0
39 4 0 0 4 0 0 0 0 0
fl=/build/glibc-YbNSs7/glibc-2.31/io/../sysdeps/unix/sysv/linux/wordsize-64/xstat.c
fn=_xstat
33 32 1 1 0 0 0 0 0 0
34 16 0 0 0 0 0 0 0 0
35 60 0 0 7 0 0 7 0 0
39 1 0 0 1 0 0 0 0 0
fl=/build/glibc-YbNSs7/glibc-2.31/libio/vtables.c
fn=check_stdfiles_vtables
83 1 1 1 0 0 0 0 0 0
84 4 0 0 2 1 0 0 0 0
85 3 1 1 2 1 0 0 0 0
86 3 0 0 2 1 0 0 0 0
88 1 0 0 1 0 0 0 0 0
fl=/build/glibc-YbNSs7/glibc-2.31/malloc/../sysdeps/unix/sysv/linux/x86/lowlevellock.h
fn=tcache_init.part.0
47 2 0 0 1 0 0 0 0 0
fl=/build/glibc-YbNSs7/glibc-2.31/malloc/arena.c
fn=malloc_hook_ini
291 5 0 0 2 2 1 1 0 0
fn=ptmalloc_init.part.0
289 5 1 1 1 0 0 2 0 0
294 1 0 0 0 0 0 1 0 0
302 2 0 0 1 0 0 0 0 0
303 7 1 1 0 0 0 1 1 1
304 4 1 1 2 1 0 0 0 0
308 4 1 1 1 1 0 1 1 0
313 5 0 0 0 0 0 1 0 0
314 4 1 1 0 0 0 1 0 0
315 4 0 0 0 0 0 1 0 0
316 4 0 0 0 0 0 1 0 0
317 4 1 1 0 0 0 1 0 0
318 4 0 0 0 0 0 1 0 0
319 4 0 0 0 0 0 1 0 0
320 4 1 1 0 0 0 1 0 0
322 4 0 0 0 0 0 1 0 0
323 4 0 0 0 0 0 1 0 0
324 4 1 1 0 0 0 1 0 0
327 4 0 0 0 0 0 1 0 0
396 2 0 0 2 2 1 0 0 0
397 2 0 0 0 0 0 0 0 0
400 1 0 0 0 0 0 1 1 0
401 6 0 0 4 0 0 0 0 0
fn=sysmalloc
536 6 1 1 0 0 0 2 0 0
fl=/build/glibc-YbNSs7/glibc-2.31/malloc/hooks.c
fn=malloc_hook_ini
29 5 1 1 0 0 0 3 0 0
30 2 0 0 1 0 0 1 0 0
33 5 0 0 4 1 0 0 0 0
fl=/build/glibc-YbNSs7/glibc-2.31/malloc/malloc.c
fn=_int_free
1875 543 0 0 181 181 0 0 0 0
4155 1991 1 1 181 0 0 1267 0 0
4165 543 0 0 181 0 0 0 0 0
4171 905 0 0 0 0 0 0 0 0
4172 362 1 1 0 0 0 0 0 0
4176 724 0 0 0 0 0 0 0 0
4183 362 0 0 0 0 0 0 0 0
4184 1267 0 0 543 181 0 0 0 0
4220 362 1 1 181 181 0 0 0 0
4295 362 1 1 181 0 0 0 0 0
4298 181 0 0 181 0 0 0 0 0
4301 543 1 1 0 0 0 181 0 0
4304 181 0 0 0 0 0 0 0 0
4308 543 0 0 181 181 0 0 0 0
4311 724 0 0 181 181 0 0 0 0
4313 543 1 1 181 0 0 0 0 0
4316 543 0 0 181 0 0 0 0 0
4319 362 0 0 0 0 0 0 0 0
4320 362 1 1 0 0 0 0 0 0
4321 362 0 0 181 181 0 0 0 0
4327 362 0 0 181 0 0 0 0 0
4336 362 1 1 181 0 0 0 0 0
4379 181 1 1 0 0 0 0 0 0
4380 543 0 0 0 0 0 181 0 0
4381 362 0 0 0 0 0 181 0 0
4398 362 1 1 0 0 0 0 0 0
4399 543 1 1 181 0 0 0 0 0
4402 543 1 1 0 0 0 0 0 0
4404 905 2 2 543 181 156 0 0 0
4418 543 1 1 181 0 0 0 0 0
4428 1991 1 1 1629 0 0 0 0 0
fn=_int_malloc
1208 376 1 1 0 0 0 0 0 0
1210 940 1 1 0 0 0 0 0 0
1637 376 0 0 0 0 0 0 0 0
1868 564 1 1 188 184 150 0 0 0
3513 1692 1 1 0 0 0 1128 182 151
3553 376 0 0 0 0 0 0 0 0
3577 376 1 1 188 183 155 0 0 0
3589 3 1 1 0 0 0 0 0 0
3635 376 0 0 0 0 0 0 0 0
3637 3 0 0 0 0 0 1 0 0
3638 2 1 1 0 0 0 0 0 0
3640 14 1 1 1 0 0 9 0 0
3697 7851 3 3 0 0 0 2430 364 315
3698 561 0 0 187 183 158 0 0 0
3716 937 0 0 187 2 1 375 0 0
3717 564 0 0 0 0 0 0 0 0
3718 564 0 0 376 0 0 0 0 0
3722 376 1 1 0 0 0 188 0 0
3728 564 0 0 188 181 151 0 0 0
3795 564 0 0 0 0 0 376 0 0
3917 376 2 2 0 0 0 0 0 0
3919 748 0 0 187 0 0 0 0 0
3922 561 0 0 187 183 159 0 0 0
3990 376 0 0 188 0 0 0 0 0
3991 376 0 0 0 0 0 0 0 0
3992 376 0 0 0 0 0 0 0 0
3993 376 0 0 188 1 1 0 0 0
3994 564 1 1 0 0 0 0 0 0
3999 376 0 0 0 0 0 0 0 0
4003 569 1 1 0 0 0 0 0 0
4006 8 0 0 2 0 0 0 0 0
4103 188 1 1 188 0 0 0 0 0
4104 376 0 0 188 181 165 0 0 0
4106 376 0 0 188 184 158 0 0 0
4109 571 0 0 0 0 0 7 0 0
4111 181 0 0 0 0 0 0 0 0
4112 362 0 0 181 0 0 0 0 0
4113 181 0 0 0 0 0 181 0 0
4114 1448 1 1 0 0 0 181 0 0
4116 362 0 0 0 0 0 181 181 155
4119 181 0 0 0 0 0 0 0 0
4126 21 0 0 7 0 0 0 0 0
4141 35 1 1 7 0 0 7 0 0
4142 14 0 0 0 0 0 0 0 0
4147 1694 2 2 1316 0 0 0 0 0
fn=calloc
3366 30 1 1 0 0 0 20 0 0
3376 45 0 0 0 0 0 0 0 0
3384 10 1 1 10 5 2 0 0 0
3385 10 0 0 0 0 0 0 0 0
3387 4 1 1 1 0 0 1 0 0
3388 2 0 0 0 0 0 0 0 0
3391 2 0 0 0 0 0 0 0 0
3394 12 0 0 8 4 2 0 0 0
3396 12 0 0 4 1 1 0 0 0
3406 4 0 0 4 2 1 0 0 0
3407 12 1 1 4 2 1 0 0 0
3428 16 0 0 0 0 0 4 0 0
3430 25 1 1 4 0 0 0 0 0
3433 12 0 0 4 0 0 0 0 0
3447 8 1 1 0 0 0 0 0 0
3450 1 1 1 0 0 0 0 0 0
3453 16 0 0 8 0 0 0 0 0
3455 6 0 0 0 0 0 0 0 0
3456 1 0 0 0 0 0 0 0 0
3461 1 0 0 0 0 0 0 0 0
3464 7 0 0 0 0 0 0 0 0
3475 1 0 0 0 0 0 0 0 0
3477 2 1 1 0 0 0 0 0 0
3479 2 0 0 0 0 0 0 0 0
3480 5 1 1 0 0 0 1 0 0
3505 33 1 1 24 0 0 0 0 0
fn=free
3087 364 1 1 0 0 0 0 0 0
3092 364 0 0 364 364 152 0 0 0
3093 364 0 0 0 0 0 0 0 0
3099 364 0 0 0 0 0 0 0 0
3102 182 0 0 0 0 0 0 0 0
3104 546 0 0 182 182 0 0 0 0
3108 3 1 1 1 1 0 0 0 0
3110 4 1 1 1 0 0 0 0 0
3111 4 1 1 2 1 0 0 0 0
3113 2 0 0 0 0 0 1 0 0
3114 2 0 0 0 0 0 1 0 0
3115 2 0 0 0 0 0 0 0 0
3118 2 0 0 0 0 0 0 0 0
3122 543 0 0 362 362 0 0 0 0
3124 543 0 0 0 0 0 0 0 0
3125 362 0 0 0 0 0 0 0 0
3126 182 0 0 0 0 0 0 0 0
fn=malloc
1208 364 1 1 0 0 0 0 0 0
1210 1456 1 1 0 0 0 0 0 0
3023 910 1 1 0 0 0 546 0 0
3031 364 0 0 364 362 306 0 0 0
3032 364 0 0 0 0 0 0 0 0
3044 728 0 0 364 362 295 0 0 0
3047 364 0 0 182 181 150 0 0 0
3056 546 1 1 182 0 0 0 0 0
3058 728 0 0 0 0 0 182 0 0
3059 1272 0 0 182 0 0 0 0 0
3082 910 0 0 728 0 0 0 0 0
fn=malloc_hook_ini
1208 2 0 0 0 0 0 0 0 0
1210 8 1 1 0 0 0 0 0 0
2978 4 1 1 2 1 0 1 0 0
3032 2 1 1 0 0 0 0 0 0
3044 4 0 0 2 1 0 0 0 0
3047 2 0 0 1 0 0 0 0 0
3056 3 1 1 1 0 0 0 0 0
3058 4 0 0 0 0 0 1 0 0
3059 5 0 0 1 0 0 0 0 0
fn=munmap_chunk
2809 1 1 1 0 0 0 0 0 0
2810 2 0 0 2 2 0 0 0 0
2811 3 1 1 1 0 0 0 0 0
2813 2 0 0 0 0 0 0 0 0
2817 4 1 1 2 0 0 0 0 0
2820 1 0 0 0 0 0 0 0 0
2821 3 0 0 1 0 0 0 0 0
2822 1 0 0 0 0 0 0 0 0
2828 4 0 0 0 0 0 0 0 0
2829 5 0 0 0 0 0 0 0 0
2832 1 0 0 2 0 0 0 0 0
2833 3 0 0 2 0 0 0 0 0
2838 2 0 0 0 0 0 0 0 0
2839 1 0 0 0 0 0 0 0 0
fn=ptmalloc_init.part.0
1795 257 1 1 0 0 0 0 0 0
1798 508 0 0 0 0 0 127 33 32
1806 1 0 0 0 0 0 1 1 1
1807 1 0 0 0 0 0 1 1 1
1809 1 0 0 0 0 0 1 0 0
fn=sysmalloc
2255 56 1 1 0 0 0 42 1 1
2275 14 0 0 14 4 4 0 0 0
2286 14 0 0 0 0 0 0 0 0
2287 25 0 0 7 3 3 2 1 1
2288 15 0 0 10 0 0 0 0 0
2302 28 0 0 0 0 0 4 0 0
2308 10 0 0 0 0 0 0 0 0
2310 35 1 1 0 0 0 5 0 0
2312 10 1 1 0 0 0 0 0 0
2327 15 1 1 0 0 0 0 0 0
2342 5 0 0 0 0 0 5 5 5
2343 15 1 1 0 0 0 5 0 0
2348 15 0 0 10 0 0 0 0 0
2349 25 0 0 10 0 0 0 0 0
2352 15 0 0 10 0 0 0 0 0
2353 25 0 0 10 0 0 0 0 0
2368 2 0 0 2 0 0 0 0 0
2369 6 0 0 2 0 0 0 0 0
2370 2 0 0 0 0 0 0 0 0
2379 13 0 0 2 0 0 0 0 0
2385 6 1 1 0 0 0 0 0 0
2388 6 0 0 0 0 0 0 0 0
2449 18 2 2 4 0 0 2 0 0
2460 2 0 0 0 0 0 0 0 0
2468 6 0 0 0 0 0 0 0 0
2470 12 0 0 4 2 1 6 0 0
2471 2 0 0 0 0 0 0 0 0
2474 8 1 1 4 0 0 0 0 0
2477 4 0 0 4 3 2 0 0 0
2478 4 0 0 0 0 0 0 0 0
2524 13 0 0 4 1 0 0 0 0
2525 2 1 1 0 0 0 1 0 0
2526 2 1 1 0 0 0 2 0 0
2532 6 0 0 0 0 0 0 0 0
2533 5 0 0 1 0 0 1 0 0
2535 4 1 1 1 0 0 0 0 0
2575 3 0 0 0 0 0 0 0 0
2597 2 1 1 0 0 0 0 0 0
2598 6 0 0 1 0 0 0 0 0
2600 2 0 0 0 0 0 0 0 0
2601 2 0 0 2 0 0 1 0 0
2613 2 0 0 0 0 0 0 0 0
2621 2 0 0 2 0 0 0 0 0
2622 9 1 1 2 0 0 1 0 0
2660 1 0 0 0 0 0 1 0 0
2661 4 1 1 0 0 0 1 1 1
2662 1 0 0 0 0 0 1 0 0
2673 2 0 0 0 0 0 0 0 0
2705 4 1 1 2 0 0 0 0 0
2706 2 0 0 0 0 0 2 0 0
2711 4 1 1 2 0 0 0 0 0
2714 4 0 0 0 0 0 0 0 0
2716 6 0 0 0 0 0 0 0 0
2717 2 0 0 0 0 0 0 0 0
2718 6 0 0 0 0 0 2 0 0
2719 6 0 0 0 0 0 2 0 0
2720 4 0 0 0 0 0 2 2 2
2722 2 0 0 0 0 0 0 0 0
2728 63 1 1 49 0 0 0 0 0
fn=tcache_init.part.0
2972 1 0 0 0 0 0 1 0 0
2981 7 1 1 3 0 0 0 0 0
2982 4 0 0 0 0 0 1 0 0
2983 2 1 1 0 0 0 0 0 0
2991 4 0 0 2 0 0 0 0 0
2998 2 0 0 0 0 0 0 0 0
3000 2 0 0 1 0 0 1 0 0
3001 88 1 1 0 0 0 81 9 9
3004 2 0 0 2 0 0 0 0 0
fl=/build/glibc-YbNSs7/glibc-2.31/malloc/morecore.c
fn=__default_morecore
46 6 1 1 0 0 0 0 0 0
47 3 0 0 0 0 0 3 1 1
49 9 0 0 0 0 0 0 0 0
52 6 0 0 3 0 0 0 0 0
fl=/build/glibc-YbNSs7/glibc-2.31/malloc/scratch_buffer_set_array_size.c
fn=__libc_scratch_buffer_set_array_size
30 15 1 1 0 0 0 9 0 0
31 6 1 1 0 0 0 0 0 0
34 6 0 0 0 0 0 0 0 0
35 6 0 0 0 0 0 0 0 0
45 6 0 0 3 0 0 0 0 0
46 3 0 0 0 0 0 0 0 0
63 12 1 1 12 0 0 0 0 0
fl=/build/glibc-YbNSs7/glibc-2.31/math/../sysdeps/ieee754/dbl-64/e_log.c
fn=__ieee754_log_fma
39 2 0 0 0 0 0 0 0 0
49 1 1 1 0 0 0 0 0 0
61 5 1 1 0 0 0 0 0 0
85 3 0 0 0 0 0 0 0 0
102 2 0 0 0 0 0 0 0 0
103 2 0 0 0 0 0 0 0 0
104 1 0 0 0 0 0 0 0 0
105 3 0 0 0 0 0 0 0 0
106 5 0 0 0 0 0 0 0 0
114 3 1 1 2 2 2 0 0 0
119 2 0 0 0 0 0 0 0 0
122 2 0 0 2 1 1 0 0 0
123 1 0 0 0 0 0 0 0 0
124 3 0 0 1 0 0 0 0 0
127 1 0 0 0 0 0 0 0 0
130 9 2 2 5 0 0 0 0 0
131 1 0 0 1 0 0 0 0 0
fl=/build/glibc-YbNSs7/glibc-2.31/math/../sysdeps/ieee754/dbl-64/e_pow.c
fn=__ieee754_pow_fma
45 7 2 2 0 0 0 0 0 0
62 2 0 0 0 0 0 0 0 0
63 2 0 0 0 0 0 0 0 0
64 2 0 0 0 0 0 0 0 0
65 3 1 1 0 0 0 0 0 0
67 2 0 0 0 0 0 0 0 0
70 5 0 0 0 0 0 0 0 0
77 3 1 1 2 1 0 0 0 0
88 2 0 0 2 2 2 0 0 0
89 1 0 0 0 0 0 0 0 0
90 2 0 0 2 1 1 0 0 0
91 2 0 0 0 0 0 0 0 0
95 1 0 0 1 0 0 0 0 0
96 1 0 0 0 0 0 0 0 0
97 1 0 0 0 0 0 0 0 0
100 1 0 0 0 0 0 0 0 0
101 1 0 0 0 0 0 0 0 0
102 2 0 0 0 0 0 0 0 0
112 8 2 2 6 1 1 0 0 0
113 4 0 0 0 0 0 0 0 0
114 1 0 0 0 0 0 0 0 0
115 2 0 0 0 0 0 0 0 0
193 1 0 0 0 0 0 0 0 0
194 3 0 0 0 0 0 0 0 0
225 4 0 0 2 1 1 0 0 0
227 1 0 0 0 0 0 0 0 0
229 2 0 0 2 0 0 0 0 0
231 1 0 0 0 0 0 0 0 0
233 3 0 0 0 0 0 0 0 0
234 2 0 0 0 0 0 0 0 0
237 1 0 0 1 1 1 0 0 0
240 1 0 0 0 0 0 0 0 0
243 8 2 2 5 0 0 0 0 0
244 2 0 0 0 0 0 0 0 0
249 2 0 0 1 0 0 0 0 0
283 2 1 1 0 0 0 0 0 0
284 1 0 0 0 0 0 0 0 0
292 8 0 0 0 0 0 0 0 0
369 1 0 0 0 0 0 0 0 0
370 2 0 0 0 0 0 0 0 0
fl=/build/glibc-YbNSs7/glibc-2.31/math/../sysdeps/ieee754/dbl-64/math_config.h
fn=__ieee754_log_fma
67 1 0 0 0 0 0 0 0 0
fn=__ieee754_pow_fma
67 4 0 0 0 0 0 0 0 0
79 1 0 0 0 0 0 0 0 0
fl=/build/glibc-YbNSs7/glibc-2.31/math/../sysdeps/x86_64/fpu/e_sqrt.c
fn=__sqrt_finite@GLIBC_2.15
25 1 1 1 0 0 0 0 0 0
28 1 0 0 0 0 0 0 0 0
31 1 0 0 1 0 0 0 0 0
fl=/build/glibc-YbNSs7/glibc-2.31/math/../sysdeps/x86_64/fpu/multiarch/e_asin.c
fn=__acos_finite@GLIBC_2.15
35 1 1 1 0 0 0 0 0 0
fn=__asin_finite@GLIBC_2.15
27 2 1 1 1 0 0 0 0 0
fl=/build/glibc-YbNSs7/glibc-2.31/math/../sysdeps/x86_64/fpu/multiarch/e_atan2.c
fn=__atan2_finite@GLIBC_2.15
26 2 2 2 1 0 0 0 0 0
fl=/build/glibc-YbNSs7/glibc-2.31/math/../sysdeps/x86_64/fpu/multiarch/e_exp.c
fn=__exp_finite@GLIBC_2.15
27 2 2 2 1 0 0 0 0 0
fl=/build/glibc-YbNSs7/glibc-2.31/math/../sysdeps/x86_64/fpu/multiarch/e_exp2f.c
fn=exp2f@@GLIBC_2.27
27 2 1 1 1 0 0 0 0 0
fl=/build/glibc-YbNSs7/glibc-2.31/math/../sysdeps/x86_64/fpu/multiarch/e_expf.c
fn=expf@@GLIBC_2.27
27 2 1 1 1 0 0 0 0 0
fl=/build/glibc-YbNSs7/glibc-2.31/math/../sysdeps/x86_64/fpu/multiarch/e_log.c
fn=__log_finite@GLIBC_2.15
27 2 1 1 1 0 0 0 0 0
fl=/build/glibc-YbNSs7/glibc-2.31/math/../sysdeps/x86_64/fpu/multiarch/e_log2f.c
fn=log2f@@GLIBC_2.27
27 2 1 1 1 0 0 0 0 0
fl=/build/glibc-YbNSs7/glibc-2.31/math/../sysdeps/x86_64/fpu/multiarch/e_logf.c
fn=logf@@GLIBC_2.27
27 2 1 1 1 0 0 0 0 0
fl=/build/glibc-YbNSs7/glibc-2.31/math/../sysdeps/x86_64/fpu/multiarch/e_pow.c
fn=__pow_finite@GLIBC_2.15
27 2 2 2 1 0 0 0 0 0
fl=/build/glibc-YbNSs7/glibc-2.31/math/../sysdeps/x86_64/fpu/multiarch/e_powf.c
fn=powf@@GLIBC_2.27
30 3 1 1 2 0 0 0 0 0
fl=/build/glibc-YbNSs7/glibc-2.31/math/../sysdeps/x86_64/fpu/multiarch/ifunc-avx-fma4.h
fn=__atan2_finite@GLIBC_2.15
32 2 0 0 0 0 0 0 0 0
33 5 0 0 2 0 0 0 0 0
fn=__exp_finite@GLIBC_2.15
32 2 0 0 0 0 0 0 0 0
33 5 0 0 2 0 0 0 0 0
fn=__log_finite@GLIBC_2.15
32 2 1 1 0 0 0 0 0 0
33 5 0 0 2 0 0 0 0 0
fn=cos
32 2 0 0 0 0 0 0 0 0
33 5 0 0 2 0 0 0 0 0
fn=sin
32 2 0 0 0 0 0 0 0 0
33 5 0 0 2 0 0 0 0 0
fl=/build/glibc-YbNSs7/glibc-2.31/math/../sysdeps/x86_64/fpu/multiarch/ifunc-fma.h
fn=cosf
29 4 0 0 0 0 0 0 0 0
30 3 0 0 2 0 0 0 0 0
fn=exp2f@@GLIBC_2.27
29 4 1 1 0 0 0 0 0 0
30 3 0 0 2 0 0 0 0 0
fn=expf@@GLIBC_2.27
29 4 1 1 0 0 0 0 0 0
30 3 0 0 2 0 0 0 0 0
fn=log2f@@GLIBC_2.27
29 4 0 0 0 0 0 0 0 0
30 3 0 0 2 0 0 0 0 0
fn=logf@@GLIBC_2.27
29 4 0 0 0 0 0 0 0 0
30 3 0 0 2 0 0 0 0 0
fn=powf@@GLIBC_2.27
29 4 1 1 0 0 0 0 0 0
30 2 0 0 1 0 0 0 0 0
fn=sincosf
29 4 1 1 0 0 0 0 0 0
30 3 0 0 2 0 0 0 0 0
fn=sinf
29 4 1 1 0 0 0 0 0 0
30 3 0 0 2 0 0 0 0 0
fl=/build/glibc-YbNSs7/glibc-2.31/math/../sysdeps/x86_64/fpu/multiarch/ifunc-fma4.h
fn=__acos_finite@GLIBC_2.15
31 2 1 1 0 0 0 0 0 0
32 5 0 0 2 0 0 0 0 0
35 1 0 0 1 0 0 0 0 0
fn=__asin_finite@GLIBC_2.15
31 2 0 0 0 0 0 0 0 0
32 5 0 0 2 0 0 0 0 0
fn=__pow_finite@GLIBC_2.15
31 2 0 0 0 0 0 0 0 0
32 5 0 0 2 0 0 0 0 0
fl=/build/glibc-YbNSs7/glibc-2.31/math/../sysdeps/x86_64/fpu/multiarch/s_cosf.c
fn=cosf
26 2 1 1 1 0 0 0 0 0
fl=/build/glibc-YbNSs7/glibc-2.31/math/../sysdeps/x86_64/fpu/multiarch/s_sin.c
fn=cos
34 2 2 2 1 0 0 0 0 0
fn=sin
27 2 1 1 1 0 0 0 0 0
fl=/build/glibc-YbNSs7/glibc-2.31/math/../sysdeps/x86_64/fpu/multiarch/s_sincosf.c
fn=sincosf
26 2 1 1 1 0 0 0 0 0
fl=/build/glibc-YbNSs7/glibc-2.31/math/../sysdeps/x86_64/fpu/multiarch/s_sinf.c
fn=sinf
26 2 1 1 1 0 0 0 0 0
fl=/build/glibc-YbNSs7/glibc-2.31/math/./w_log_template.c
fn=log@@GLIBC_2.29
31 1 1 1 0 0 0 0 0 0
32 3 0 0 0 0 0 0 0 0
41 1 1 1 0 0 0 0 0 0
fl=/build/glibc-YbNSs7/glibc-2.31/math/./w_pow_template.c
fn=pow@@GLIBC_2.29
31 2 0 0 0 0 0 0 0 0
32 3 1 1 0 0 0 3 0 0
33 8 0 0 4 2 2 0 0 0
45 4 1 1 0 0 0 0 0 0
49 2 0 0 1 0 0 0 0 0
fl=/build/glibc-YbNSs7/glibc-2.31/math/w_sqrt_compat.c
fn=sqrt
30 1 1 1 0 0 0 0 0 0
31 3 0 0 0 0 0 0 0 0
34 1 0 0 0 0 0 0 0 0
fl=/build/glibc-YbNSs7/glibc-2.31/misc/../sysdeps/unix/syscall-template.S
fn=mprotect
78 30 1 1 0 0 0 0 0 0
79 6 0 0 6 0 0 0 0 0
fn=munmap
78 10 1 1 0 0 0 0 0 0
79 2 0 0 2 0 0 0 0 0
fl=/build/glibc-YbNSs7/glibc-2.31/misc/../sysdeps/unix/sysv/linux/mmap64.c
fn=mmap
48 105 2 2 0 0 0 42 0 0
51 42 0 0 0 0 0 0 0 0
54 64 2 2 0 0 0 0 0 0
59 126 0 0 0 0 0 0 0 0
61 63 0 0 63 0 0 0 0 0
fl=/build/glibc-YbNSs7/glibc-2.31/misc/../sysdeps/unix/sysv/linux/x86_64/brk.c
fn=brk
28 3 1 1 0 0 0 0 0 0
31 18 0 0 3 0 0 3 0 0
33 6 1 1 0 0 0 0 0 0
39 3 0 0 0 0 0 0 0 0
40 3 0 0 3 0 0 0 0 0
fl=/build/glibc-YbNSs7/glibc-2.31/misc/init-misc.c
fn=__init_misc
30 5 1 1 0 0 0 2 0 0
31 5 0 0 1 0 0 0 0 0
33 3 1 1 0 0 0 1 0 0
37 5 0 0 1 1 0 1 1 0
38 3 0 0 2 0 0 1 0 0
40 4 0 0 3 0 0 0 0 0
fl=/build/glibc-YbNSs7/glibc-2.31/misc/sbrk.c
fn=sbrk
32 15 1 1 0 0 0 9 0 0
40 18 0 0 8 5 3 0 0 0
41 6 1 1 1 0 0 1 0 0
44 6 0 0 0 0 0 0 0 0
48 12 0 0 0 0 0 0 0 0
56 8 1 1 0 0 0 2 0 0
60 15 0 0 12 0 0 0 0 0
fl=/build/glibc-YbNSs7/glibc-2.31/posix/../sysdeps/unix/syscall-template.S
fn=uname
78 5 1 1 0 0 0 0 0 0
79 1 0 0 1 0 0 0 0 0
fl=/build/glibc-YbNSs7/glibc-2.31/setjmp/../sysdeps/x86_64/bsd-_setjmp.S
fn=_setjmp
28 1 1 1 0 0 0 0 0 0
30 1 0 0 0 0 0 0 0 0
32 1 0 0 0 0 0 0 0 0
fl=/build/glibc-YbNSs7/glibc-2.31/setjmp/../sysdeps/x86_64/setjmp.S
fn=__sigsetjmp
30 7 2 2 0 0 0 0 0 0
32 7 0 0 0 0 0 7 0 0
41 7 0 0 0 0 0 0 0 0
42 14 2 2 7 0 0 0 0 0
43 7 0 0 0 0 0 7 0 0
47 7 0 0 0 0 0 7 0 0
48 7 0 0 0 0 0 7 0 0
49 7 0 0 0 0 0 7 0 0
50 7 0 0 0 0 0 7 0 0
51 7 0 0 0 0 0 0 0 0
53 14 0 0 7 0 0 0 0 0
55 7 0 0 0 0 0 7 1 1
56 7 0 0 7 0 0 0 0 0
57 7 0 0 0 0 0 0 0 0
59 14 1 1 7 0 0 0 0 0
61 7 1 1 0 0 0 7 0 0
66 1 0 0 1 1 0 0 0 0
67 1 0 0 0 0 0 0 0 0
69 6 0 0 0 0 0 0 0 0
72 6 0 0 0 0 0 0 0 0
73 6 0 0 0 0 0 6 0 0
80 6 0 0 0 0 0 0 0 0
81 6 0 0 6 0 0 0 0 0
84 1 0 0 0 0 0 0 0 0
fl=/build/glibc-YbNSs7/glibc-2.31/setjmp/sigjmp.c
fn=__sigjmp_save
28 3 0 0 0 0 0 1 0 0
29 1 0 0 0 0 0 1 0 0
30 2 0 0 0 0 0 0 0 0
34 3 1 1 2 0 0 0 0 0
fl=/build/glibc-YbNSs7/glibc-2.31/stdlib/../stdlib/strtol.c
fn=strtol
105 2 1 1 0 0 0 0 0 0
106 8 0 0 4 0 0 0 0 0
fl=/build/glibc-YbNSs7/glibc-2.31/stdlib/../stdlib/strtol_l.c
fn=____strtol_l_internal
226 20 1 1 0 0 0 14 1 1
245 2 0 0 0 0 0 0 0 0
246 4 0 0 0 0 0 0 0 0
252 4 0 0 0 0 0 0 0 0
280 2 0 0 0 0 0 0 0 0
283 8 0 0 0 0 0 0 0 0
292 12 1 1 6 2 1 0 0 0
294 4 0 0 0 0 0 0 0 0
298 2 0 0 0 0 0 2 0 0
299 4 0 0 0 0 0 0 0 0
304 4 1 1 0 0 0 0 0 0
308 4 0 0 0 0 0 0 0 0
318 4 0 0 0 0 0 0 0 0
325 4 1 1 0 0 0 0 0 0
328 8 0 0 0 0 0 2 0 0
432 36 0 0 18 1 0 0 0 0
434 82 1 1 2 1 0 0 0 0
436 54 1 1 0 0 0 0 0 0
450 4 0 0 0 0 0 2 0 0
460 8 0 0 2 0 0 0 0 0
464 54 1 1 0 0 0 0 0 0
467 54 0 0 0 0 0 0 0 0
472 22 0 0 0 0 0 0 0 0
473 54 0 0 0 0 0 0 0 0
478 4 0 0 0 0 0 0 0 0
483 6 0 0 2 0 0 0 0 0
489 4 0 0 0 0 0 0 0 0
490 4 0 0 0 0 0 0 0 0
492 6 1 1 2 0 0 0 0 0
507 10 1 1 2 0 0 0 0 0
525 16 0 0 14 0 0 0 0 0
fl=/build/glibc-YbNSs7/glibc-2.31/stdlib/../sysdeps/unix/sysv/linux/x86/lowlevellock.h
fn=__cxa_atexit
47 3 0 0 1 1 1 0 0 0
fl=/build/glibc-YbNSs7/glibc-2.31/stdlib/cxa_atexit.c
fn=__cxa_atexit
41 3 0 0 0 0 0 0 0 0
43 3 1 1 1 0 0 0 0 0
44 2 0 0 0 0 0 1 0 0
46 2 0 0 0 0 0 0 0 0
53 3 1 1 1 0 0 0 0 0
55 1 0 0 0 0 0 1 0 0
56 3 0 0 2 0 0 1 0 0
58 1 0 0 0 0 0 1 0 0
59 4 0 0 2 0 0 0 0 0
69 6 1 1 0 0 0 4 0 0
71 5 0 0 3 0 0 0 0 0
fn=__new_exitfn
82 5 1 1 0 0 0 2 0 0
83 2 0 0 0 0 0 0 0 0
88 2 0 0 1 1 0 0 0 0
93 8 0 0 2 1 0 0 0 0
95 4 1 1 1 1 0 0 0 0
103 1 0 0 0 0 0 1 0 0
124 1 0 0 0 0 0 0 0 0
125 2 1 1 0 0 0 1 0 0
138 1 1 1 0 0 0 1 0 0
139 1 0 0 1 0 0 0 0 0
143 5 0 0 3 0 0 0 0 0
fl=/build/glibc-YbNSs7/glibc-2.31/string/../bits/stdlib-bsearch.h
fn=intel_check_word.isra.0
27 12 0 0 0 0 0 0 0 0
28 12 0 0 0 0 0 0 0 0
29 228 0 0 0 0 0 0 0 0
31 162 0 0 0 0 0 0 0 0
32 81 0 0 0 0 0 0 0 0
37 15 1 1 0 0 0 0 0 0
fl=/build/glibc-YbNSs7/glibc-2.31/string/../sysdeps/x86/cacheinfo.c
fn=handle_intel.constprop.0
259 30 1 1 3 0 0 21 1 0
261 3 1 1 3 0 0 0 0 0
264 6 0 0 3 0 0 0 0 0
270 6 1 1 0 0 0 3 0 0
272 6 0 0 0 0 0 3 0 0
273 3 0 0 0 0 0 3 0 0
275 9 0 0 0 0 0 0 0 0
281 15 0 0 0 0 0 6 0 0
286 6 0 0 0 0 0 0 0 0
288 6 0 0 0 0 0 3 0 0
289 3 0 0 0 0 0 0 0 0
293 18 1 1 0 0 0 3 0 0
295 6 0 0 0 0 0 0 0 0
298 21 0 0 0 0 0 3 0 0
300 6 0 0 0 0 0 0 0 0
319 33 1 1 27 0 0 0 0 0
fn=init_cacheinfo
488 8 1 1 0 0 0 6 0 0
500 2 1 1 1 0 0 1 0 0
502 6 0 0 4 1 0 0 0 0
504 3 0 0 0 0 0 1 0 0
506 3 0 0 0 0 0 2 0 0
510 1 1 1 0 0 0 1 0 0
511 3 0 0 0 0 0 1 0 0
519 2 0 0 0 0 0 0 0 0
530 1 0 0 0 0 0 0 0 0
535 3 0 0 1 0 0 0 0 0
539 2 0 0 1 0 0 0 0 0
547 12 1 1 0 0 0 0 0 0
550 13 1 1 0 0 0 0 0 0
556 8 0 0 0 0 0 0 0 0
559 26 0 0 0 0 0 0 0 0
564 2 1 1 0 0 0 0 0 0
568 3 1 1 0 0 0 0 0 0
569 2 0 0 0 0 0 0 0 0
573 2 0 0 0 0 0 0 0 0
577 3 0 0 0 0 0 0 0 0
580 3 0 0 0 0 0 0 0 0
581 1 0 0 0 0 0 0 0 0
586 4 0 0 0 0 0 0 0 0
592 2 1 1 1 0 0 0 0 0
600 9 0 0 1 0 0 0 0 0
602 7 1 1 0 0 0 0 0 0
604 7 0 0 0 0 0 0 0 0
606 6 0 0 0 0 0 0 0 0
609 2 0 0 0 0 0 0 0 0
610 8 0 0 0 0 0 0 0 0
612 4 1 1 0 0 0 0 0 0
615 2 0 0 0 0 0 0 0 0
620 1 0 0 0 0 0 0 0 0
622 4 0 0 0 0 0 0 0 0
623 2 0 0 0 0 0 0 0 0
624 2 0 0 0 0 0 0 0 0
627 2 0 0 0 0 0 0 0 0
630 2 1 1 0 0 0 0 0 0
633 1 0 0 0 0 0 0 0 0
634 2 0 0 1 0 0 0 0 0
637 1 0 0 0 0 0 0 0 0
639 4 1 1 0 0 0 0 0 0
640 1 0 0 0 0 0 0 0 0
645 2 0 0 0 0 0 0 0 0
651 2 0 0 0 0 0 0 0 0
652 2 0 0 0 0 0 0 0 0
653 1 1 1 0 0 0 0 0 0
654 2 0 0 1 0 0 0 0 0
691 4 0 0 0 0 0 0 0 0
692 5 0 0 0 0 0 0 0 0
696 2 1 1 0 0 0 0 0 0
755 2 0 0 0 0 0 0 0 0
758 2 1 1 0 0 0 0 0 0
760 3 0 0 0 0 0 1 0 0
761 1 0 0 0 0 0 1 1 1
763 1 0 0 0 0 0 0 0 0
764 3 1 1 0 0 0 1 0 0
765 1 0 0 0 0 0 1 0 0
768 2 0 0 0 0 0 0 0 0
771 2 0 0 0 0 0 0 0 0
773 3 0 0 0 0 0 1 0 0
774 1 0 0 0 0 0 1 1 1
776 1 0 0 0 0 0 0 0 0
777 3 0 0 0 0 0 1 0 0
778 1 0 0 0 0 0 1 0 0
786 2 0 0 1 0 0 1 1 1
788 8 0 0 1 0 0 0 0 0
789 8 0 0 7 0 0 0 0 0
fn=intel_check_word.isra.0
119 162 0 0 81 6 6 0 0 0
122 81 1 1 0 0 0 0 0 0
128 42 0 0 0 0 0 24 0 0
132 12 1 1 0 0 0 0 0 0
134 3 0 0 0 0 0 0 0 0
138 42 0 0 0 0 0 0 0 0
140 60 1 1 0 0 0 0 0 0
142 15 0 0 0 0 0 0 0 0
144 30 0 0 0 0 0 0 0 0
152 30 0 0 0 0 0 0 0 0
161 13 1 1 0 0 0 0 0 0
164 29 1 1 0 0 0 0 0 0
167 24 0 0 0 0 0 0 0 0
171 16 0 0 0 0 0 0 0 0
173 36 0 0 0 0 0 0 0 0
175 14 0 0 0 0 0 0 0 0
177 10 0 0 0 0 0 0 0 0
178 6 0 0 0 0 0 0 0 0
179 2 1 1 0 0 0 0 0 0
181 3 1 1 0 0 0 0 0 0
183 6 0 0 0 0 0 0 0 0
185 9 1 1 0 0 0 0 0 0
186 12 0 0 0 0 0 0 0 0
187 9 1 1 0 0 0 0 0 0
188 15 0 0 0 0 0 0 0 0
196 5 0 0 0 0 0 0 0 0
203 24 1 1 0 0 0 0 0 0
225 12 0 0 0 0 0 0 0 0
255 36 0 0 30 0 0 0 0 0
fl=/build/glibc-YbNSs7/glibc-2.31/string/../sysdeps/x86_64/multiarch/../strchr.S
fn=index
23 10 1 1 0 0 0 0 0 0
24 10 0 0 0 0 0 0 0 0
25 10 0 0 0 0 0 0 0 0
26 10 0 0 0 0 0 0 0 0
27 10 1 1 0 0 0 0 0 0
28 10 0 0 0 0 0 0 0 0
29 10 0 0 0 0 0 0 0 0
30 10 0 0 0 0 0 0 0 0
31 10 0 0 0 0 0 0 0 0
32 10 0 0 10 4 4 0 0 0
33 10 0 0 0 0 0 0 0 0
34 10 0 0 0 0 0 0 0 0
35 10 0 0 0 0 0 0 0 0
36 10 0 0 0 0 0 0 0 0
37 10 0 0 0 0 0 0 0 0
38 10 0 0 0 0 0 0 0 0
39 10 0 0 0 0 0 0 0 0
40 10 0 0 0 0 0 0 0 0
41 7 0 0 0 0 0 0 0 0
45 7 0 0 0 0 0 0 0 0
46 7 1 1 0 0 0 0 0 0
47 7 0 0 7 0 0 0 0 0
48 7 0 0 0 0 0 0 0 0
50 7 0 0 7 0 0 0 0 0
54 3 0 0 3 0 0 0 0 0
55 3 0 0 0 0 0 0 0 0
56 3 0 0 0 0 0 0 0 0
57 3 0 0 0 0 0 0 0 0
58 3 0 0 0 0 0 0 0 0
59 3 0 0 0 0 0 0 0 0
60 3 0 0 3 0 0 0 0 0
61 3 0 0 0 0 0 0 0 0
62 3 0 0 0 0 0 0 0 0
63 3 0 0 0 0 0 0 0 0
64 3 0 0 0 0 0 0 0 0
65 3 1 1 0 0 0 0 0 0
66 3 0 0 0 0 0 0 0 0
67 3 0 0 3 2 2 0 0 0
68 3 0 0 0 0 0 0 0 0
69 3 0 0 0 0 0 0 0 0
70 3 0 0 0 0 0 0 0 0
71 3 0 0 0 0 0 0 0 0
72 3 0 0 0 0 0 0 0 0
73 3 0 0 0 0 0 0 0 0
74 3 0 0 0 0 0 0 0 0
75 3 0 0 0 0 0 0 0 0
76 3 0 0 0 0 0 0 0 0
77 5 0 0 0 0 0 0 0 0
82 1 1 1 0 0 0 0 0 0
83 1 0 0 0 0 0 0 0 0
86 1 0 0 0 0 0 0 0 0
87 1 0 0 1 0 0 0 0 0
88 1 0 0 1 0 0 0 0 0
89 1 0 0 1 0 0 0 0 0
90 1 0 0 0 0 0 0 0 0
91 1 0 0 1 0 0 0 0 0
92 1 0 0 0 0 0 0 0 0
93 1 0 0 0 0 0 0 0 0
94 1 0 0 1 0 0 0 0 0
95 1 0 0 0 0 0 0 0 0
96 1 0 0 1 0 0 0 0 0
97 1 0 0 1 0 0 0 0 0
98 1 1 1 0 0 0 0 0 0
99 1 0 0 1 0 0 0 0 0
100 1 0 0 0 0 0 0 0 0
101 1 0 0 0 0 0 0 0 0
102 1 0 0 0 0 0 0 0 0
103 1 0 0 0 0 0 0 0 0
105 1 0 0 0 0 0 0 0 0
106 1 0 0 0 0 0 0 0 0
108 1 0 0 1 0 0 0 0 0
109 1 0 0 0 0 0 0 0 0
110 1 0 0 0 0 0 0 0 0
111 1 0 0 0 0 0 0 0 0
112 1 0 0 0 0 0 0 0 0
113 1 0 0 0 0 0 0 0 0
114 1 0 0 0 0 0 0 0 0
115 1 0 0 0 0 0 0 0 0
117 1 0 0 0 0 0 0 0 0
118 1 1 1 0 0 0 0 0 0
119 1 0 0 0 0 0 0 0 0
120 1 0 0 0 0 0 0 0 0
121 1 0 0 0 0 0 0 0 0
122 1 0 0 0 0 0 0 0 0
123 1 0 0 0 0 0 0 0 0
124 1 0 0 0 0 0 0 0 0
125 1 0 0 0 0 0 0 0 0
126 1 0 0 0 0 0 0 0 0
129 3 0 0 0 0 0 0 0 0
133 3 0 0 0 0 0 0 0 0
134 3 0 0 0 0 0 0 0 0
135 3 0 0 3 0 0 0 0 0
136 3 0 0 0 0 0 0 0 0
138 3 0 0 3 0 0 0 0 0
fl=/build/glibc-YbNSs7/glibc-2.31/string/../sysdeps/x86_64/multiarch/../strlen.S
fn=strlen
41 18 1 1 0 0 0 0 0 0
79 18 0 0 0 0 0 0 0 0
80 18 0 0 0 0 0 0 0 0
81 18 0 0 0 0 0 0 0 0
82 18 0 0 0 0 0 0 0 0
83 18 0 0 0 0 0 0 0 0
84 18 0 0 0 0 0 0 0 0
85 18 1 1 0 0 0 0 0 0
87 18 0 0 0 0 0 0 0 0
89 18 0 0 0 0 0 0 0 0
120 17 0 0 17 1 1 0 0 0
121 17 0 0 0 0 0 0 0 0
122 17 0 0 0 0 0 0 0 0
123 17 0 0 0 0 0 0 0 0
124 17 0 0 0 0 0 0 0 0
125 9 0 0 0 0 0 0 0 0
127 9 0 0 9 0 0 0 0 0
131 8 0 0 0 0 0 0 0 0
132 8 0 0 8 0 0 0 0 0
133 8 0 0 8 1 1 0 0 0
134 8 0 0 8 0 0 0 0 0
135 8 0 0 0 0 0 0 0 0
136 8 0 0 0 0 0 0 0 0
137 8 0 0 0 0 0 0 0 0
138 8 1 1 0 0 0 0 0 0
139 8 0 0 0 0 0 0 0 0
140 8 0 0 0 0 0 0 0 0
141 8 0 0 0 0 0 0 0 0
142 8 0 0 0 0 0 0 0 0
147 58 0 0 5 0 0 0 0 0
151 1 0 0 0 0 0 0 0 0
152 14 1 1 4 0 0 0 0 0
153 6 0 0 0 0 0 0 0 0
168 1 0 0 0 0 0 0 0 0
169 1 0 0 0 0 0 0 0 0
170 2 0 0 0 0 0 0 0 0
221 4 1 1 4 1 1 0 0 0
222 4 0 0 4 0 0 0 0 0
223 4 0 0 4 0 0 0 0 0
224 4 0 0 4 0 0 0 0 0
225 4 0 0 0 0 0 0 0 0
226 4 0 0 0 0 0 0 0 0
227 4 0 0 0 0 0 0 0 0
228 4 0 0 0 0 0 0 0 0
244 4 1 1 0 0 0 0 0 0
246 4 0 0 0 0 0 0 0 0
247 56 1 1 16 0 0 0 0 0
249 4 0 0 0 0 0 0 0 0
250 4 0 0 0 0 0 0 0 0
251 4 0 0 0 0 0 0 0 0
253 4 0 0 4 0 0 0 0 0
fl=/build/glibc-YbNSs7/glibc-2.31/string/../sysdeps/x86_64/multiarch/ifunc-avx2.h
fn=memchr
30 5 0 0 0 0 0 0 0 0
32 3 0 0 2 0 0 0 0 0
fn=memrchr
30 5 1 1 0 0 0 0 0 0
32 3 0 0 2 0 0 0 0 0
fn=rawmemchr
30 5 1 1 0 0 0 0 0 0
32 3 0 0 2 0 0 0 0 0
fn=rindex
30 5 1 1 0 0 0 0 0 0
32 3 0 0 2 0 0 0 0 0
fn=strchrnul
30 5 1 1 0 0 0 0 0 0
32 3 0 0 2 0 0 0 0 0
fn=strlen
30 5 0 0 0 0 0 0 0 0
32 3 0 0 2 0 0 0 0 0
fn=strnlen
30 10 0 0 0 0 0 0 0 0
32 6 1 1 4 0 0 0 0 0
fl=/build/glibc-YbNSs7/glibc-2.31/string/../sysdeps/x86_64/multiarch/ifunc-memcmp.h
fn=bcmp
32 3 0 0 1 0 0 0 0 0
33 3 0 0 2 0 0 0 0 0
34 3 1 1 0 0 0 0 0 0
35 2 0 0 1 0 0 0 0 0
fl=/build/glibc-YbNSs7/glibc-2.31/string/../sysdeps/x86_64/multiarch/ifunc-memmove.h
fn=memcpy@@GLIBC_2.14
44 2 0 0 0 0 0 0 0 0
45 3 0 0 2 0 0 0 0 0
48 2 1 1 0 0 0 0 0 0
49 2 0 0 1 0 0 0 0 0
60 2 0 0 0 0 0 0 0 0
62 5 0 0 2 0 0 0 0 0
fn=memmove
44 4 0 0 0 0 0 0 0 0
45 6 0 0 4 1 0 0 0 0
48 4 0 0 0 0 0 0 0 0
49 4 0 0 2 0 0 0 0 0
60 4 0 0 0 0 0 0 0 0
62 10 1 1 4 0 0 0 0 0
fn=mempcpy
44 2 0 0 0 0 0 0 0 0
45 3 0 0 2 0 0 0 0 0
48 2 0 0 0 0 0 0 0 0
49 2 1 1 1 0 0 0 0 0
60 2 0 0 0 0 0 0 0 0
62 5 0 0 2 0 0 0 0 0
fl=/build/glibc-YbNSs7/glibc-2.31/string/../sysdeps/x86_64/multiarch/ifunc-memset.h
fn=memset
42 10 0 0 4 1 0 0 0 0
45 4 0 0 0 0 0 0 0 0
46 4 0 0 2 0 0 0 0 0
57 8 1 1 4 0 0 0 0 0
59 10 0 0 2 0 0 0 0 0
fl=/build/glibc-YbNSs7/glibc-2.31/string/../sysdeps/x86_64/multiarch/ifunc-sse4_2.h
fn=strcspn
30 5 1 1 2 0 0 0 0 0
fn=strpbrk
30 5 1 1 2 0 0 0 0 0
fn=strspn
30 5 1 1 2 0 0 0 0 0
fl=/build/glibc-YbNSs7/glibc-2.31/string/../sysdeps/x86_64/multiarch/ifunc-strcasecmp.h
fn=strcasecmp
32 4 1 1 2 0 0 0 0 0
fn=strcasecmp_l
32 4 0 0 2 0 0 0 0 0
fn=strncasecmp
32 4 0 0 2 0 0 0 0 0
fn=strncasecmp_l
32 4 0 0 2 0 0 0 0 0
fl=/build/glibc-YbNSs7/glibc-2.31/string/../sysdeps/x86_64/multiarch/ifunc-strcpy.h
fn=stpcpy
34 3 0 0 0 0 0 0 0 0
36 4 1 1 2 0 0 0 0 0
fn=stpncpy
34 3 0 0 0 0 0 0 0 0
36 4 0 0 2 0 0 0 0 0
fn=strcat
34 3 1 1 0 0 0 0 0 0
36 4 0 0 2 0 0 0 0 0
fn=strcpy
34 3 0 0 0 0 0 0 0 0
36 4 0 0 2 0 0 0 0 0
fn=strncpy
34 3 0 0 0 0 0 0 0 0
36 4 0 0 2 0 0 0 0 0
fl=/build/glibc-YbNSs7/glibc-2.31/string/../sysdeps/x86_64/multiarch/memchr.c
fn=memchr
29 2 1 1 1 0 0 0 0 0
fl=/build/glibc-YbNSs7/glibc-2.31/string/../sysdeps/x86_64/multiarch/memcmp.c
fn=bcmp
29 2 1 1 1 0 0 0 0 0
fl=/build/glibc-YbNSs7/glibc-2.31/string/../sysdeps/x86_64/multiarch/memcpy.c
fn=memcpy@@GLIBC_2.14
29 1 1 1 0 0 0 0 0 0
fl=/build/glibc-YbNSs7/glibc-2.31/string/../sysdeps/x86_64/multiarch/memmove-vec-unaligned-erms.S
fn=memcpy
127 19 1 1 0 0 0 0 0 0
128 19 0 0 0 0 0 0 0 0
134 49 0 0 0 0 0 0 0 0
135 49 0 0 0 0 0 0 0 0
136 17 0 0 0 0 0 0 0 0
137 17 0 0 0 0 0 0 0 0
142 12 0 0 12 1 0 0 0 0
143 12 0 0 12 0 0 0 0 0
144 12 0 0 0 0 0 12 3 3
145 12 0 0 0 0 0 12 1 1
150 12 0 0 12 0 0 0 0 0
280 32 0 0 0 0 0 0 0 0
281 32 0 0 0 0 0 0 0 0
282 10 0 0 0 0 0 0 0 0
283 10 0 0 0 0 0 0 0 0
284 5 1 1 0 0 0 0 0 0
285 5 0 0 0 0 0 0 0 0
286 3 0 0 0 0 0 0 0 0
287 1 0 0 1 1 1 0 0 0
288 1 0 0 0 0 0 1 1 1
290 3 0 0 3 0 0 0 0 0
312 22 0 0 22 0 0 0 0 0
313 22 0 0 22 0 0 0 0 0
314 22 0 0 0 0 0 22 3 3
315 22 0 0 0 0 0 22 0 0
316 22 0 0 22 0 0 0 0 0
319 5 0 0 5 0 0 0 0 0
320 5 0 0 5 0 0 0 0 0
321 5 0 0 0 0 0 5 0 0
322 5 0 0 0 0 0 5 0 0
323 5 0 0 5 0 0 0 0 0
326 2 0 0 2 1 1 0 0 0
327 2 0 0 2 0 0 0 0 0
328 2 0 0 0 0 0 2 1 1
329 2 0 0 0 0 0 2 0 0
330 2 0 0 2 0 0 0 0 0
340 5 1 1 0 0 0 0 0 0
341 5 0 0 0 0 0 0 0 0
342 5 0 0 0 0 0 0 0 0
343 5 0 0 0 0 0 0 0 0
345 4 0 0 4 0 0 0 0 0
346 4 0 0 4 0 0 0 0 0
347 4 0 0 4 0 0 0 0 0
348 4 0 0 4 0 0 0 0 0
349 4 0 0 4 0 0 0 0 0
350 4 0 0 4 0 0 0 0 0
351 4 0 0 4 0 0 0 0 0
352 4 0 0 4 0 0 0 0 0
353 4 0 0 0 0 0 4 1 1
354 4 0 0 0 0 0 4 0 0
355 4 0 0 0 0 0 4 1 1
356 4 0 0 0 0 0 4 2 2
357 4 0 0 0 0 0 4 1 1
358 4 1 1 0 0 0 4 0 0
359 4 0 0 0 0 0 4 0 0
360 4 0 0 0 0 0 4 0 0
362 4 0 0 4 0 0 0 0 0
365 1 0 0 1 0 0 0 0 0
366 1 0 0 1 0 0 0 0 0
367 1 0 0 1 0 0 0 0 0
368 1 0 0 1 0 0 0 0 0
369 1 0 0 0 0 0 1 0 0
370 1 0 0 0 0 0 1 0 0
371 1 0 0 0 0 0 1 0 0
372 1 0 0 0 0 0 1 0 0
374 1 0 0 1 0 0 0 0 0
fn=mempcpy
114 30 0 0 0 0 0 0 0 0
115 30 0 0 0 0 0 0 0 0
116 30 0 0 0 0 0 0 0 0
117 30 0 0 0 0 0 0 0 0
fl=/build/glibc-YbNSs7/glibc-2.31/string/../sysdeps/x86_64/multiarch/memmove.c
fn=memmove
29 2 1 1 0 0 0 0 0 0
fl=/build/glibc-YbNSs7/glibc-2.31/string/../sysdeps/x86_64/multiarch/mempcpy.c
fn=mempcpy
33 1 1 1 0 0 0 0 0 0
fl=/build/glibc-YbNSs7/glibc-2.31/string/../sysdeps/x86_64/multiarch/memrchr.c
fn=memrchr
29 2 1 1 1 0 0 0 0 0
fl=/build/glibc-YbNSs7/glibc-2.31/string/../sysdeps/x86_64/multiarch/memset-vec-unaligned-erms.S
fn=__memset_avx2_erms
147 3 0 0 0 0 0 0 0 0
148 3 0 0 0 0 0 0 0 0
149 3 0 0 0 0 0 0 0 0
150 3 0 0 0 0 0 0 0 0
151 500065693 0 0 0 0 0 500065690 7813518 7813513
152 3 0 0 0 0 0 0 0 0
153 3 0 0 3 2 1 0 0 0
fn=__memset_avx2_unaligned_erms
167 3 1 1 0 0 0 0 0 0
168 9 0 0 0 0 0 0 0 0
173 3 1 1 0 0 0 0 0 0
174 3 0 0 0 0 0 0 0 0
175 3 0 0 0 0 0 0 0 0
176 3 0 0 0 0 0 0 0 0
184 3 0 0 0 0 0 0 0 0
185 3 0 0 0 0 0 0 0 0
fn=memset
108 12 1 1 0 0 0 0 0 0
109 60 0 0 0 0 0 0 0 0
115 12 0 0 0 0 0 0 0 0
116 12 0 0 0 0 0 0 0 0
117 6 0 0 0 0 0 0 0 0
118 6 0 0 0 0 0 0 0 0
120 4 0 0 0 0 0 4 2 2
121 4 0 0 0 0 0 4 0 0
123 4 0 0 4 0 0 0 0 0
188 2 0 0 0 0 0 0 0 0
189 2 0 0 0 0 0 0 0 0
199 2 1 1 0 0 0 0 0 0
200 2 0 0 0 0 0 2 2 2
201 2 0 0 0 0 0 0 0 0
202 2 0 0 0 0 0 2 2 2
203 2 0 0 0 0 0 2 0 0
204 2 0 0 0 0 0 2 0 0
205 2 0 0 0 0 0 2 0 0
206 2 0 0 0 0 0 2 0 0
207 2 0 0 0 0 0 2 1 1
208 2 0 0 0 0 0 2 0 0
209 2 0 0 0 0 0 0 0 0
210 2 0 0 0 0 0 0 0 0
211 2 0 0 0 0 0 0 0 0
212 2 0 0 0 0 0 0 0 0
214 40 0 0 0 0 0 40 37 37
215 40 0 0 0 0 0 40 0 0
216 40 0 0 0 0 0 40 0 0
217 40 0 0 0 0 0 40 0 0
218 40 0 0 0 0 0 0 0 0
219 40 0 0 0 0 0 0 0 0
220 40 0 0 0 0 0 0 0 0
221 2 0 0 2 0 0 0 0 0
236 6 1 1 0 0 0 0 0 0
237 6 0 0 0 0 0 0 0 0
238 6 0 0 0 0 0 0 0 0
239 3 0 0 0 0 0 0 0 0
240 3 0 0 0 0 0 0 0 0
241 1 0 0 0 0 0 0 0 0
242 1 0 0 0 0 0 0 0 0
266 3 1 1 0 0 0 3 2 2
267 3 0 0 0 0 0 3 0 0
269 3 0 0 3 0 0 0 0 0
272 2 0 0 0 0 0 2 0 0
273 2 0 0 0 0 0 2 0 0
275 2 0 0 2 0 0 0 0 0
278 1 0 0 0 0 0 1 0 0
279 1 0 0 0 0 0 1 0 0
281 1 0 0 1 0 0 0 0 0
fl=/build/glibc-YbNSs7/glibc-2.31/string/../sysdeps/x86_64/multiarch/memset.c
fn=memset
29 2 1 1 0 0 0 0 0 0
fl=/build/glibc-YbNSs7/glibc-2.31/string/../sysdeps/x86_64/multiarch/rawmemchr.c
fn=rawmemchr
31 2 1 1 1 0 0 0 0 0
fl=/build/glibc-YbNSs7/glibc-2.31/string/../sysdeps/x86_64/multiarch/stpcpy.c
fn=stpcpy
33 2 1 1 1 0 0 0 0 0
fl=/build/glibc-YbNSs7/glibc-2.31/string/../sysdeps/x86_64/multiarch/stpncpy.c
fn=stpncpy
31 2 1 1 1 0 0 0 0 0
fl=/build/glibc-YbNSs7/glibc-2.31/string/../sysdeps/x86_64/multiarch/strcasecmp.c
fn=strcasecmp
31 2 1 1 1 0 0 0 0 0
fl=/build/glibc-YbNSs7/glibc-2.31/string/../sysdeps/x86_64/multiarch/strcasecmp_l.c
fn=strcasecmp_l
31 2 1 1 1 0 0 0 0 0
fl=/build/glibc-YbNSs7/glibc-2.31/string/../sysdeps/x86_64/multiarch/strcat.c
fn=strcat
29 2 1 1 1 0 0 0 0 0
fl=/build/glibc-YbNSs7/glibc-2.31/string/../sysdeps/x86_64/multiarch/strchr.c
fn=index
38 3 0 0 0 0 0 0 0 0
40 4 0 0 2 0 0 0 0 0
49 2 1 1 1 0 0 0 0 0
fl=/build/glibc-YbNSs7/glibc-2.31/string/../sysdeps/x86_64/multiarch/strchrnul.c
fn=strchrnul
31 2 0 0 1 0 0 0 0 0
fl=/build/glibc-YbNSs7/glibc-2.31/string/../sysdeps/x86_64/multiarch/strcmp.c
fn=strcmp
39 3 1 1 0 0 0 0 0 0
41 4 0 0 2 0 0 0 0 0
53 2 1 1 1 0 0 0 0 0
fl=/build/glibc-YbNSs7/glibc-2.31/string/../sysdeps/x86_64/multiarch/strcpy.c
fn=strcpy
29 2 1 1 1 0 0 0 0 0
fl=/build/glibc-YbNSs7/glibc-2.31/string/../sysdeps/x86_64/multiarch/strcspn.c
fn=strcspn
29 2 1 1 1 0 0 0 0 0
fl=/build/glibc-YbNSs7/glibc-2.31/string/../sysdeps/x86_64/multiarch/strlen.c
fn=strlen
29 2 1 1 1 0 0 0 0 0
fl=/build/glibc-YbNSs7/glibc-2.31/string/../sysdeps/x86_64/multiarch/strncase.c
fn=strncasecmp
31 2 2 2 1 0 0 0 0 0
fl=/build/glibc-YbNSs7/glibc-2.31/string/../sysdeps/x86_64/multiarch/strncase_l.c
fn=strncasecmp_l
31 2 1 1 1 0 0 0 0 0
fl=/build/glibc-YbNSs7/glibc-2.31/string/../sysdeps/x86_64/multiarch/strncmp.c
fn=strncmp
39 3 1 1 0 0 0 0 0 0
41 4 0 0 2 0 0 0 0 0
54 2 1 1 1 0 0 0 0 0
fl=/build/glibc-YbNSs7/glibc-2.31/string/../sysdeps/x86_64/multiarch/strncpy.c
fn=strncpy
29 2 2 2 1 0 0 0 0 0
fl=/build/glibc-YbNSs7/glibc-2.31/string/../sysdeps/x86_64/multiarch/strnlen.c
fn=strnlen
31 4 1 1 2 0 0 0 0 0
fl=/build/glibc-YbNSs7/glibc-2.31/string/../sysdeps/x86_64/multiarch/strpbrk.c
fn=strpbrk
29 2 0 0 1 0 0 0 0 0
fl=/build/glibc-YbNSs7/glibc-2.31/string/../sysdeps/x86_64/multiarch/strrchr-avx2.S
fn=__strrchr_avx2
42 1 1 1 0 0 0 0 0 0
43 1 0 0 0 0 0 0 0 0
44 1 0 0 0 0 0 0 0 0
46 1 0 0 0 0 0 0 0 0
47 1 0 0 0 0 0 0 0 0
50 1 0 0 0 0 0 0 0 0
51 1 0 0 0 0 0 0 0 0
52 1 0 0 0 0 0 0 0 0
85 1 1 1 0 0 0 0 0 0
86 1 0 0 0 0 0 0 0 0
87 1 0 0 1 1 0 0 0 0
88 1 0 0 0 0 0 0 0 0
89 1 0 0 0 0 0 0 0 0
90 1 0 0 0 0 0 0 0 0
91 1 0 0 0 0 0 0 0 0
92 1 0 0 0 0 0 0 0 0
93 1 0 0 0 0 0 0 0 0
94 1 0 0 0 0 0 0 0 0
97 1 0 0 0 0 0 0 0 0
98 1 0 0 0 0 0 0 0 0
107 1 1 1 0 0 0 0 0 0
108 1 0 0 0 0 0 0 0 0
207 1 1 1 0 0 0 0 0 0
208 1 0 0 0 0 0 0 0 0
216 1 0 0 0 0 0 0 0 0
217 1 0 0 0 0 0 0 0 0
218 1 0 0 0 0 0 0 0 0
219 1 0 0 0 0 0 0 0 0
220 1 0 0 0 0 0 0 0 0
222 1 0 0 0 0 0 0 0 0
223 1 0 0 0 0 0 0 0 0
224 1 0 0 0 0 0 0 0 0
225 1 1 1 0 0 0 0 0 0
226 1 0 0 1 0 0 0 0 0
fl=/build/glibc-YbNSs7/glibc-2.31/string/../sysdeps/x86_64/multiarch/strrchr.c
fn=rindex
28 2 0 0 1 0 0 0 0 0
fl=/build/glibc-YbNSs7/glibc-2.31/string/../sysdeps/x86_64/multiarch/strspn.c
fn=strspn
29 2 1 1 1 0 0 0 0 0
fl=/build/glibc-YbNSs7/glibc-2.31/string/../sysdeps/x86_64/strcmp.S
fn=strcmp
111 248 1 1 0 0 0 0 0 0
144 248 0 0 0 0 0 0 0 0
145 248 0 0 0 0 0 0 0 0
147 248 0 0 0 0 0 0 0 0
148 248 0 0 0 0 0 0 0 0
169 248 0 0 0 0 0 0 0 0
170 248 0 0 0 0 0 0 0 0
171 234 0 0 0 0 0 0 0 0
172 234 0 0 0 0 0 0 0 0
173 190 0 0 190 24 13 0 0 0
174 190 0 0 190 5 4 0 0 0
175 190 0 0 190 0 0 0 0 0
176 190 0 0 190 0 0 0 0 0
197 190 0 0 0 0 0 0 0 0
198 190 0 0 0 0 0 0 0 0
199 190 0 0 0 0 0 0 0 0
200 190 0 0 0 0 0 0 0 0
201 190 0 0 0 0 0 0 0 0
202 190 1 1 0 0 0 0 0 0
203 190 0 0 0 0 0 0 0 0
208 8 0 0 0 0 0 0 0 0
209 24 0 0 0 0 0 0 0 0
218 66 0 0 0 0 0 0 0 0
219 66 0 0 0 0 0 0 0 0
220 66 0 0 0 0 0 0 0 0
221 66 0 0 0 0 0 0 0 0
222 66 0 0 0 0 0 0 0 0
223 66 0 0 0 0 0 0 0 0
224 66 0 0 0 0 0 0 0 0
225 66 0 0 0 0 0 0 0 0
226 62 0 0 0 0 0 0 0 0
227 46 0 0 0 0 0 0 0 0
228 46 0 0 0 0 0 0 0 0
229 46 1 1 0 0 0 0 0 0
231 62 0 0 0 0 0 0 0 0
232 62 0 0 0 0 0 0 0 0
233 62 0 0 0 0 0 0 0 0
234 62 0 0 62 4 2 0 0 0
235 62 0 0 0 0 0 0 0 0
236 62 0 0 0 0 0 0 0 0
246 4 0 0 4 0 0 0 0 0
247 4 0 0 0 0 0 0 0 0
248 4 0 0 0 0 0 0 0 0
250 4 0 0 4 0 0 0 0 0
256 4 0 0 0 0 0 0 0 0
257 4 0 0 0 0 0 0 0 0
258 4 0 0 0 0 0 0 0 0
259 4 0 0 0 0 0 0 0 0
260 4 2 1 0 0 0 0 0 0
265 4 0 0 0 0 0 0 0 0
267 1 0 0 0 0 0 0 0 0
268 1 0 0 0 0 0 0 0 0
269 2 0 0 0 0 0 0 0 0
277 1 0 0 1 0 0 0 0 0
278 1 0 0 1 0 0 0 0 0
281 1 0 0 0 0 0 0 0 0
282 1 0 0 0 0 0 0 0 0
283 1 0 0 0 0 0 0 0 0
284 1 0 0 0 0 0 0 0 0
285 1 0 0 0 0 0 0 0 0
286 1 1 1 0 0 0 0 0 0
571 1 1 1 0 0 0 0 0 0
572 1 0 0 1 0 0 0 0 0
573 1 0 0 1 0 0 0 0 0
574 1 0 0 0 0 0 0 0 0
575 1 0 0 0 0 0 0 0 0
577 1 0 0 0 0 0 0 0 0
578 1 0 0 0 0 0 0 0 0
579 1 0 0 0 0 0 0 0 0
580 1 0 0 0 0 0 0 0 0
581 1 0 0 0 0 0 0 0 0
582 1 0 0 0 0 0 0 0 0
583 1 0 0 0 0 0 0 0 0
584 1 0 0 1 0 0 0 0 0
588 1 0 0 0 0 0 0 0 0
589 1 0 0 0 0 0 0 0 0
590 1 1 1 0 0 0 0 0 0
596 1 0 0 0 0 0 0 0 0
597 1 0 0 0 0 0 0 0 0
598 2 0 0 0 0 0 0 0 0
602 1 0 0 0 0 0 0 0 0
603 1 0 0 0 0 0 0 0 0
606 1 0 0 1 0 0 0 0 0
607 1 0 0 1 0 0 0 0 0
608 1 0 0 0 0 0 0 0 0
611 1 0 0 0 0 0 0 0 0
612 1 1 1 0 0 0 0 0 0
613 1 0 0 0 0 0 0 0 0
619 1 0 0 0 0 0 0 0 0
620 1 0 0 0 0 0 0 0 0
621 1 0 0 0 0 0 0 0 0
622 1 0 0 0 0 0 0 0 0
623 1 0 0 0 0 0 0 0 0
624 1 0 0 0 0 0 0 0 0
696 1 1 1 0 0 0 0 0 0
697 1 0 0 1 0 0 0 0 0
698 1 0 0 1 0 0 0 0 0
699 1 0 0 0 0 0 0 0 0
700 1 0 0 0 0 0 0 0 0
702 1 0 0 0 0 0 0 0 0
703 1 0 0 0 0 0 0 0 0
704 1 0 0 0 0 0 0 0 0
705 1 0 0 0 0 0 0 0 0
706 1 0 0 0 0 0 0 0 0
707 1 0 0 0 0 0 0 0 0
708 1 0 0 0 0 0 0 0 0
709 1 0 0 1 0 0 0 0 0
713 1 0 0 0 0 0 0 0 0
714 1 0 0 0 0 0 0 0 0
715 1 1 1 0 0 0 0 0 0
721 1 0 0 0 0 0 0 0 0
722 1 0 0 0 0 0 0 0 0
723 2 0 0 0 0 0 0 0 0
727 1 0 0 0 0 0 0 0 0
728 1 0 0 0 0 0 0 0 0
731 1 0 0 1 0 0 0 0 0
732 1 0 0 1 0 0 0 0 0
733 1 0 0 0 0 0 0 0 0
736 1 0 0 0 0 0 0 0 0
737 1 1 1 0 0 0 0 0 0
738 1 0 0 0 0 0 0 0 0
744 1 0 0 0 0 0 0 0 0
745 1 0 0 0 0 0 0 0 0
746 1 0 0 0 0 0 0 0 0
747 1 0 0 0 0 0 0 0 0
748 1 0 0 0 0 0 0 0 0
749 1 0 0 0 0 0 0 0 0
821 17 1 1 0 0 0 0 0 0
822 17 0 0 17 0 0 0 0 0
823 17 0 0 17 0 0 0 0 0
824 17 0 0 0 0 0 0 0 0
825 17 0 0 0 0 0 0 0 0
827 17 0 0 0 0 0 0 0 0
828 17 0 0 0 0 0 0 0 0
829 17 0 0 0 0 0 0 0 0
830 17 0 0 0 0 0 0 0 0
831 17 0 0 0 0 0 0 0 0
832 17 0 0 0 0 0 0 0 0
833 17 0 0 0 0 0 0 0 0
834 3 0 0 3 0 0 0 0 0
838 3 0 0 0 0 0 0 0 0
839 3 0 0 0 0 0 0 0 0
840 3 1 1 0 0 0 0 0 0
846 3 0 0 0 0 0 0 0 0
847 3 0 0 0 0 0 0 0 0
848 6 0 0 0 0 0 0 0 0
852 3 0 0 0 0 0 0 0 0
853 3 0 0 0 0 0 0 0 0
856 3 0 0 3 0 0 0 0 0
857 3 0 0 3 0 0 0 0 0
858 3 0 0 0 0 0 0 0 0
861 3 0 0 0 0 0 0 0 0
862 3 1 1 0 0 0 0 0 0
863 3 0 0 0 0 0 0 0 0
869 3 0 0 0 0 0 0 0 0
870 3 0 0 0 0 0 0 0 0
871 3 0 0 0 0 0 0 0 0
872 3 0 0 0 0 0 0 0 0
873 3 0 0 0 0 0 0 0 0
874 3 0 0 0 0 0 0 0 0
946 2 1 1 0 0 0 0 0 0
947 2 0 0 2 0 0 0 0 0
948 2 0 0 2 0 0 0 0 0
949 2 0 0 0 0 0 0 0 0
950 2 0 0 0 0 0 0 0 0
952 2 0 0 0 0 0 0 0 0
953 2 0 0 0 0 0 0 0 0
954 2 0 0 0 0 0 0 0 0
955 2 0 0 0 0 0 0 0 0
956 2 0 0 0 0 0 0 0 0
957 2 0 0 0 0 0 0 0 0
958 2 0 0 0 0 0 0 0 0
1071 1 1 1 0 0 0 0 0 0
1072 1 0 0 1 1 1 0 0 0
1073 1 0 0 1 0 0 0 0 0
1074 1 0 0 0 0 0 0 0 0
1075 1 0 0 0 0 0 0 0 0
1077 1 0 0 0 0 0 0 0 0
1078 1 0 0 0 0 0 0 0 0
1079 1 0 0 0 0 0 0 0 0
1080 1 0 0 0 0 0 0 0 0
1081 1 0 0 0 0 0 0 0 0
1082 1 0 0 0 0 0 0 0 0
1083 1 0 0 0 0 0 0 0 0
1084 1 0 0 1 0 0 0 0 0
1088 1 0 0 0 0 0 0 0 0
1089 1 0 0 0 0 0 0 0 0
1090 1 1 1 0 0 0 0 0 0
1096 1 0 0 0 0 0 0 0 0
1097 1 0 0 0 0 0 0 0 0
1098 2 0 0 0 0 0 0 0 0
1102 1 0 0 0 0 0 0 0 0
1103 1 0 0 0 0 0 0 0 0
1106 1 0 0 1 0 0 0 0 0
1107 1 0 0 1 0 0 0 0 0
1108 1 0 0 0 0 0 0 0 0
1111 1 0 0 0 0 0 0 0 0
1112 1 1 1 0 0 0 0 0 0
1113 1 0 0 0 0 0 0 0 0
1119 1 0 0 0 0 0 0 0 0
1120 1 0 0 0 0 0 0 0 0
1121 1 0 0 0 0 0 0 0 0
1122 1 0 0 0 0 0 0 0 0
1123 1 0 0 0 0 0 0 0 0
1124 1 0 0 0 0 0 0 0 0
1321 5 1 1 0 0 0 0 0 0
1322 5 0 0 5 1 1 0 0 0
1323 5 0 0 5 0 0 0 0 0
1324 5 0 0 0 0 0 0 0 0
1325 5 0 0 0 0 0 0 0 0
1327 5 0 0 0 0 0 0 0 0
1328 5 0 0 0 0 0 0 0 0
1329 5 0 0 0 0 0 0 0 0
1330 5 0 0 0 0 0 0 0 0
1331 5 0 0 0 0 0 0 0 0
1332 5 0 0 0 0 0 0 0 0
1333 5 0 0 0 0 0 0 0 0
1334 2 0 0 2 0 0 0 0 0
1338 2 0 0 0 0 0 0 0 0
1339 2 0 0 0 0 0 0 0 0
1340 2 1 1 0 0 0 0 0 0
1346 2 0 0 0 0 0 0 0 0
1347 2 0 0 0 0 0 0 0 0
1348 4 0 0 0 0 0 0 0 0
1352 2 0 0 0 0 0 0 0 0
1353 2 0 0 0 0 0 0 0 0
1356 2 0 0 2 1 1 0 0 0
1357 2 0 0 2 1 1 0 0 0
1358 2 0 0 0 0 0 0 0 0
1361 2 0 0 0 0 0 0 0 0
1362 2 1 1 0 0 0 0 0 0
1363 2 0 0 0 0 0 0 0 0
1369 2 0 0 0 0 0 0 0 0
1370 2 0 0 0 0 0 0 0 0
1371 2 0 0 0 0 0 0 0 0
1372 2 0 0 0 0 0 0 0 0
1373 2 0 0 0 0 0 0 0 0
1374 2 0 0 0 0 0 0 0 0
1446 1 1 1 0 0 0 0 0 0
1447 1 0 0 1 0 0 0 0 0
1448 1 0 0 1 1 1 0 0 0
1449 1 0 0 0 0 0 0 0 0
1450 1 0 0 0 0 0 0 0 0
1452 1 0 0 0 0 0 0 0 0
1453 1 0 0 0 0 0 0 0 0
1454 1 0 0 0 0 0 0 0 0
1455 1 0 0 0 0 0 0 0 0
1456 1 0 0 0 0 0 0 0 0
1457 1 0 0 0 0 0 0 0 0
1458 1 0 0 0 0 0 0 0 0
1459 1 0 0 1 0 0 0 0 0
1463 1 0 0 0 0 0 0 0 0
1464 1 0 0 0 0 0 0 0 0
1465 1 1 1 0 0 0 0 0 0
1471 1 0 0 0 0 0 0 0 0
1472 1 0 0 0 0 0 0 0 0
1473 2 0 0 0 0 0 0 0 0
1477 1 0 0 0 0 0 0 0 0
1478 1 0 0 0 0 0 0 0 0
1481 1 0 0 1 1 1 0 0 0
1482 1 0 0 1 0 0 0 0 0
1483 1 0 0 0 0 0 0 0 0
1486 1 0 0 0 0 0 0 0 0
1487 1 1 1 0 0 0 0 0 0
1488 1 0 0 0 0 0 0 0 0
1494 1 0 0 0 0 0 0 0 0
1495 1 0 0 0 0 0 0 0 0
1496 1 0 0 0 0 0 0 0 0
1497 1 0 0 0 0 0 0 0 0
1498 1 0 0 0 0 0 0 0 0
1499 1 0 0 0 0 0 0 0 0
1571 4 1 1 0 0 0 0 0 0
1572 4 0 0 4 0 0 0 0 0
1573 4 0 0 4 0 0 0 0 0
1574 4 0 0 0 0 0 0 0 0
1575 4 0 0 0 0 0 0 0 0
1577 4 0 0 0 0 0 0 0 0
1578 4 0 0 0 0 0 0 0 0
1579 4 0 0 0 0 0 0 0 0
1580 4 0 0 0 0 0 0 0 0
1581 4 0 0 0 0 0 0 0 0
1582 4 0 0 0 0 0 0 0 0
1583 4 0 0 0 0 0 0 0 0
1584 2 0 0 2 0 0 0 0 0
1588 2 0 0 0 0 0 0 0 0
1589 2 0 0 0 0 0 0 0 0
1590 2 1 1 0 0 0 0 0 0
1596 2 0 0 0 0 0 0 0 0
1597 2 0 0 0 0 0 0 0 0
1598 4 0 0 0 0 0 0 0 0
1602 2 0 0 0 0 0 0 0 0
1603 2 0 0 0 0 0 0 0 0
1606 2 0 0 2 0 0 0 0 0
1607 2 0 0 2 0 0 0 0 0
1608 2 0 0 0 0 0 0 0 0
1611 2 0 0 0 0 0 0 0 0
1612 2 1 1 0 0 0 0 0 0
1613 2 0 0 0 0 0 0 0 0
1619 2 0 0 0 0 0 0 0 0
1620 2 0 0 0 0 0 0 0 0
1621 2 0 0 0 0 0 0 0 0
1622 2 0 0 0 0 0 0 0 0
1623 2 0 0 0 0 0 0 0 0
1624 2 0 0 0 0 0 0 0 0
1696 4 2 1 0 0 0 0 0 0
1697 4 0 0 4 0 0 0 0 0
1698 4 0 0 4 1 1 0 0 0
1699 4 0 0 0 0 0 0 0 0
1700 4 0 0 0 0 0 0 0 0
1702 4 0 0 0 0 0 0 0 0
1703 4 0 0 0 0 0 0 0 0
1704 4 0 0 0 0 0 0 0 0
1705 4 0 0 0 0 0 0 0 0
1706 4 0 0 0 0 0 0 0 0
1707 4 0 0 0 0 0 0 0 0
1708 4 0 0 0 0 0 0 0 0
1709 1 0 0 1 0 0 0 0 0
1713 1 0 0 0 0 0 0 0 0
1714 1 0 0 0 0 0 0 0 0
1715 1 1 1 0 0 0 0 0 0
1721 1 0 0 0 0 0 0 0 0
1722 1 0 0 0 0 0 0 0 0
1723 2 0 0 0 0 0 0 0 0
1727 1 0 0 0 0 0 0 0 0
1728 1 0 0 0 0 0 0 0 0
1731 1 0 0 1 1 1 0 0 0
1732 1 0 0 1 0 0 0 0 0
1733 1 0 0 0 0 0 0 0 0
1736 1 0 0 0 0 0 0 0 0
1737 1 1 1 0 0 0 0 0 0
1738 1 0 0 0 0 0 0 0 0
1744 1 0 0 0 0 0 0 0 0
1745 1 0 0 0 0 0 0 0 0
1746 1 0 0 0 0 0 0 0 0
1747 1 0 0 0 0 0 0 0 0
1748 1 0 0 0 0 0 0 0 0
1749 1 0 0 0 0 0 0 0 0
1756 1 0 0 0 0 0 0 0 0
1757 1 0 0 0 0 0 0 0 0
1759 1 0 0 0 0 0 0 0 0
1760 1 0 0 0 0 0 0 0 0
1762 1 0 0 1 0 0 0 0 0
1763 1 0 0 1 1 0 0 0 0
1764 1 0 0 0 0 0 0 0 0
1767 1 1 1 0 0 0 0 0 0
1768 1 0 0 0 0 0 0 0 0
1769 1 0 0 0 0 0 0 0 0
1775 1 0 0 0 0 0 0 0 0
1776 1 0 0 0 0 0 0 0 0
1777 1 0 0 0 0 0 0 0 0
1778 1 0 0 0 0 0 0 0 0
1779 1 0 0 0 0 0 0 0 0
1780 1 0 0 0 0 0 0 0 0
1821 7 1 1 0 0 0 0 0 0
1822 7 0 0 7 2 2 0 0 0
1823 7 0 0 7 1 1 0 0 0
1824 7 0 0 0 0 0 0 0 0
1825 7 0 0 0 0 0 0 0 0
1827 7 0 0 0 0 0 0 0 0
1828 7 0 0 0 0 0 0 0 0
1829 7 0 0 0 0 0 0 0 0
1830 7 0 0 0 0 0 0 0 0
1831 7 0 0 0 0 0 0 0 0
1832 7 0 0 0 0 0 0 0 0
1833 7 0 0 0 0 0 0 0 0
1834 1 0 0 1 0 0 0 0 0
1838 1 0 0 0 0 0 0 0 0
1839 1 0 0 0 0 0 0 0 0
1840 1 1 1 0 0 0 0 0 0
1846 1 0 0 0 0 0 0 0 0
1847 1 0 0 0 0 0 0 0 0
1848 2 0 0 0 0 0 0 0 0
1852 1 0 0 0 0 0 0 0 0
1853 1 0 0 0 0 0 0 0 0
1856 1 0 0 1 1 1 0 0 0
1857 1 0 0 1 0 0 0 0 0
1858 1 0 0 0 0 0 0 0 0
1861 1 0 0 0 0 0 0 0 0
1862 1 1 1 0 0 0 0 0 0
1863 1 0 0 0 0 0 0 0 0
1869 1 0 0 0 0 0 0 0 0
1870 1 0 0 0 0 0 0 0 0
1871 1 0 0 0 0 0 0 0 0
1872 1 0 0 0 0 0 0 0 0
1873 1 0 0 0 0 0 0 0 0
1874 1 0 0 0 0 0 0 0 0
1881 1 0 0 0 0 0 0 0 0
1882 1 0 0 0 0 0 0 0 0
1884 1 0 0 0 0 0 0 0 0
1885 1 0 0 0 0 0 0 0 0
1887 1 0 0 1 0 0 0 0 0
1888 1 0 0 1 1 1 0 0 0
1889 1 0 0 0 0 0 0 0 0
1892 1 1 1 0 0 0 0 0 0
1893 1 0 0 0 0 0 0 0 0
1894 1 0 0 0 0 0 0 0 0
1900 1 0 0 0 0 0 0 0 0
1901 1 0 0 0 0 0 0 0 0
1902 1 0 0 0 0 0 0 0 0
1903 1 0 0 0 0 0 0 0 0
1904 1 0 0 0 0 0 0 0 0
1905 1 0 0 0 0 0 0 0 0
1946 5 2 1 0 0 0 0 0 0
1947 5 0 0 5 2 1 0 0 0
1948 5 0 0 5 0 0 0 0 0
1949 5 0 0 0 0 0 0 0 0
1950 5 0 0 0 0 0 0 0 0
1952 5 0 0 0 0 0 0 0 0
1953 5 0 0 0 0 0 0 0 0
1954 5 0 0 0 0 0 0 0 0
1955 5 0 0 0 0 0 0 0 0
1956 5 0 0 0 0 0 0 0 0
1957 5 0 0 0 0 0 0 0 0
1958 5 0 0 0 0 0 0 0 0
1959 3 0 0 3 0 0 0 0 0
1963 3 0 0 0 0 0 0 0 0
1964 3 0 0 0 0 0 0 0 0
1965 3 2 1 0 0 0 0 0 0
1971 3 0 0 0 0 0 0 0 0
1972 3 0 0 0 0 0 0 0 0
1973 6 0 0 0 0 0 0 0 0
1977 3 0 0 0 0 0 0 0 0
1978 3 0 0 0 0 0 0 0 0
1981 3 0 0 3 1 1 0 0 0
1982 3 0 0 3 0 0 0 0 0
1983 3 0 0 0 0 0 0 0 0
1986 3 0 0 0 0 0 0 0 0
1987 3 2 1 0 0 0 0 0 0
1988 3 0 0 0 0 0 0 0 0
1994 3 0 0 0 0 0 0 0 0
1995 3 0 0 0 0 0 0 0 0
1996 3 0 0 0 0 0 0 0 0
1997 3 0 0 0 0 0 0 0 0
1998 3 0 0 0 0 0 0 0 0
1999 3 0 0 0 0 0 0 0 0
2071 14 1 1 0 0 0 0 0 0
2072 14 0 0 14 1 1 0 0 0
2073 14 0 0 14 1 1 0 0 0
2074 14 0 0 0 0 0 0 0 0
2075 14 0 0 0 0 0 0 0 0
2077 14 0 0 0 0 0 0 0 0
2078 14 0 0 0 0 0 0 0 0
2079 14 0 0 0 0 0 0 0 0
2080 14 0 0 0 0 0 0 0 0
2081 14 0 0 0 0 0 0 0 0
2082 14 0 0 0 0 0 0 0 0
2083 14 0 0 0 0 0 0 0 0
2085 2 0 0 2 0 0 0 0 0
2089 2 0 0 0 0 0 0 0 0
2090 2 0 0 0 0 0 0 0 0
2091 2 1 1 0 0 0 0 0 0
2097 2 0 0 0 0 0 0 0 0
2098 2 0 0 0 0 0 0 0 0
2100 4 0 0 0 0 0 0 0 0
2104 2 0 0 0 0 0 0 0 0
2105 2 0 0 0 0 0 0 0 0
2108 2 0 0 2 1 1 0 0 0
2109 2 0 0 2 0 0 0 0 0
2110 2 0 0 0 0 0 0 0 0
2113 2 0 0 0 0 0 0 0 0
2114 2 1 1 0 0 0 0 0 0
2115 2 0 0 0 0 0 0 0 0
2121 2 0 0 0 0 0 0 0 0
2122 2 0 0 0 0 0 0 0 0
2123 2 0 0 0 0 0 0 0 0
2124 2 0 0 0 0 0 0 0 0
2125 2 0 0 0 0 0 0 0 0
2126 2 0 0 0 0 0 0 0 0
2200 19 0 0 0 0 0 0 0 0
2202 66 0 0 0 0 0 0 0 0
2203 66 0 0 0 0 0 0 0 0
2204 66 0 0 0 0 0 0 0 0
2205 66 0 0 0 0 0 0 0 0
2206 92 0 0 0 0 0 0 0 0
2211 248 1 1 0 0 0 0 0 0
2217 248 0 0 248 0 0 0 0 0
2218 248 0 0 248 0 0 0 0 0
2226 248 0 0 0 0 0 0 0 0
2227 248 0 0 248 0 0 0 0 0
fl=/build/glibc-YbNSs7/glibc-2.31/string/../sysdeps/x86_64/strcspn.S
fn=strcspn
28 1 1 1 0 0 0 0 0 0
30 1 0 0 0 0 0 0 0 0
37 1 0 0 0 0 0 0 0 0
38 1 0 0 0 0 0 0 0 0
40 1 0 0 0 0 0 0 0 0
41 1 0 0 0 0 0 0 0 0
42 1 0 0 0 0 0 0 0 0
43 1 0 0 0 0 0 0 0 0
44 33 0 0 0 0 0 32 4 4
47 3 0 0 0 0 0 0 0 0
54 1 1 1 1 1 1 0 0 0
55 1 0 0 0 0 0 0 0 0
56 1 0 0 0 0 0 0 0 0
57 1 0 0 0 0 0 1 0 0
59 1 0 0 1 0 0 0 0 0
60 1 0 0 0 0 0 0 0 0
61 1 0 0 0 0 0 0 0 0
62 1 0 0 0 0 0 1 0 0
64 1 0 0 1 0 0 0 0 0
65 1 0 0 0 0 0 0 0 0
66 1 0 0 0 0 0 0 0 0
75 3 0 0 0 0 0 0 0 0
87 17 1 1 0 0 0 0 0 0
89 17 0 0 17 0 0 0 0 0
90 17 0 0 17 0 0 0 0 0
91 17 0 0 0 0 0 0 0 0
93 16 0 0 16 0 0 0 0 0
94 16 0 0 16 0 0 0 0 0
95 16 0 0 0 0 0 0 0 0
97 16 0 0 16 1 1 0 0 0
98 16 0 0 16 0 0 0 0 0
99 16 0 0 0 0 0 0 0 0
101 16 0 0 16 0 0 0 0 0
102 16 0 0 16 0 0 0 0 0
103 16 0 0 0 0 0 0 0 0
109 1 0 0 0 0 0 0 0 0
116 1 0 0 0 0 0 0 0 0
120 1 0 0 1 0 0 0 0 0
fl=/build/glibc-YbNSs7/glibc-2.31/string/strdup.c
fn=strdup
40 20 1 1 0 0 0 8 0 0
41 8 0 0 0 0 0 4 0 0
42 8 0 0 0 0 0 4 0 0
44 8 0 0 0 0 0 0 0 0
47 16 0 0 0 0 0 0 0 0
48 12 0 0 8 0 0 0 0 0
fl=/build/glibc-YbNSs7/glibc-2.31/wcsmbs/../sysdeps/x86_64/multiarch/ifunc-avx2.h
fn=wcschr
30 10 0 0 0 0 0 0 0 0
32 6 0 0 4 0 0 0 0 0
fn=wcscmp
30 6 1 1 1 0 0 0 0 0
32 3 0 0 2 0 0 0 0 0
fn=wcslen
30 5 0 0 0 0 0 0 0 0
32 3 1 1 2 0 0 0 0 0
fn=wmemchr
30 10 1 1 0 0 0 0 0 0
32 6 0 0 4 0 0 0 0 0
fl=/build/glibc-YbNSs7/glibc-2.31/wcsmbs/../sysdeps/x86_64/multiarch/ifunc-memcmp.h
fn=wmemcmp
32 3 1 1 1 0 0 0 0 0
33 3 0 0 2 0 0 0 0 0
34 3 0 0 0 0 0 0 0 0
35 2 0 0 1 0 0 0 0 0
fl=/build/glibc-YbNSs7/glibc-2.31/wcsmbs/../sysdeps/x86_64/multiarch/ifunc-wmemset.h
fn=wmemset
30 6 0 0 0 0 0 0 0 0
32 10 1 1 4 0 0 0 0 0
34 8 1 1 0 0 0 0 0 0
35 4 0 0 0 0 0 0 0 0
fl=/build/glibc-YbNSs7/glibc-2.31/wcsmbs/../sysdeps/x86_64/multiarch/wcschr.c
fn=wcschr
31 4 1 1 2 0 0 0 0 0
fl=/build/glibc-YbNSs7/glibc-2.31/wcsmbs/../sysdeps/x86_64/multiarch/wcscmp.c
fn=wcscmp
30 1 1 1 0 0 0 0 0 0
fl=/build/glibc-YbNSs7/glibc-2.31/wcsmbs/../sysdeps/x86_64/multiarch/wcscpy.c
fn=wcscpy
37 5 1 1 2 0 0 0 0 0
43 2 0 0 1 0 0 0 0 0
fl=/build/glibc-YbNSs7/glibc-2.31/wcsmbs/../sysdeps/x86_64/multiarch/wcslen.c
fn=wcslen
29 2 1 1 1 0 0 0 0 0
fl=/build/glibc-YbNSs7/glibc-2.31/wcsmbs/../sysdeps/x86_64/multiarch/wcsnlen.c
fn=wcsnlen
38 3 1 1 0 0 0 0 0 0
40 4 0 0 2 0 0 0 0 0
49 2 1 1 1 0 0 0 0 0
fl=/build/glibc-YbNSs7/glibc-2.31/wcsmbs/../sysdeps/x86_64/multiarch/wmemchr.c
fn=wmemchr
31 4 1 1 2 0 0 0 0 0
fl=/build/glibc-YbNSs7/glibc-2.31/wcsmbs/../sysdeps/x86_64/multiarch/wmemcmp.c
fn=wmemcmp
29 2 0 0 1 0 0 0 0 0
fl=/build/glibc-YbNSs7/glibc-2.31/wcsmbs/../sysdeps/x86_64/multiarch/wmemset.c
fn=wmemset
31 6 1 1 2 0 0 0 0 0
fl=/home/guinn8/Code/aliquot/_accum_sieve/../src/sieve.c
fn=prime_sieve
25 12 1 1 1 0 0 5 0 0
28 1 1 1 0 0 0 1 0 0
30 58 2 2 11 10 10 0 0 0
33 148116 1 1 0 0 0 0 0 0
35 223600 0 0 44720 550 0 0 0 0
37 13944 0 0 0 0 0 9296 309 0
39 353240 2 2 4648 26 0 0 0 0
41 222201 0 0 0 0 0 111100 24291 0
46 1 0 0 0 0 0 1 0 0
47 9 0 0 7 2 0 0 0 0
fn=sum_of_divisors_odd
203 2184 1 1 182 181 155 1456 362 317
204 1092 1 1 0 0 0 182 181 150
210 3276 1 1 182 181 181 364 0 0
214 1092 1 1 0 0 0 364 181 154
216 182457028 2 2 453752 545 363 0 0 0
218 91000000 0 0 0 0 0 45500000 11375181 9850684
219 45500000 0 0 0 0 0 45500000 11375000 10043225
222 364 0 0 182 0 0 0 0 0
224 1 0 0 0 0 0 1 1 0
229 1216860 2 2 607975 69751 11198 202719 0 0
232 2227907 1 1 202537 0 0 202537 0 0
239 2400320 0 0 933021 4243 0 202537 0 0
241 1918005 0 0 857734 64073 0 0 0 0
250 2135786 1 1 252077 0 0 119170 318 88
252 504154 0 0 0 0 0 0 0 0
254 398721 1 1 0 0 0 132907 324 80
257 3960279067 2 2 989376555 58837 0 756231 182 0
260 1978753110 0 0 0 0 0 0 0 0
262 2513740543 0 0 0 0 0 0 0 0
268 1248892190 0 0 178413170 178354055 22 178413170 0 0
269 931152722 1 1 250610108 178408424 0 178867784 0 0
283 273000728 1 1 546 0 0 0 0 0
285 273000000 0 0 91000000 11375083 9 0 0 0
287 207671256 0 0 69223752 11374970 0 69223752 0 0
314 910 0 0 364 364 0 0 0 0
315 1274 0 0 1092 182 0 0 0 0
fl=/home/guinn8/Code/aliquot/_accum_sieve/pomyang.c
fn=main
37 8 1 1 0 0 0 6 0 0
38 3 0 0 0 0 0 0 0 0
42 2 1 1 0 0 0 0 0 0
45 2 0 0 0 0 0 0 0 0
46 1 0 0 0 0 0 1 0 0
47 1 0 0 0 0 0 1 0 0
60 7 0 0 1 0 0 2 0 0
64 6 1 1 0 0 0 1 0 0
67 9 0 0 1 1 1 1 0 0
68 16 2 2 3 0 0 2 1 1
69 4 0 0 0 0 0 2 0 0
70 3 0 0 0 0 0 1 0 0
74 11 1 1 3 3 2 2 1 0
75 4 0 0 1 0 0 2 0 0
76 1 0 0 0 0 0 0 0 0
78 9 1 1 1 0 0 1 0 0
81 6 1 1 1 0 0 3 0 0
86 726 0 0 543 181 153 0 0 0
87 364 0 0 0 0 0 0 0 0
91 910 0 0 546 0 0 182 181 160
97 364000728 0 0 364 182 0 0 0 0
104 273000000 1 1 91000000 11375182 18002 0 0 0
105 272979765 1 1 0 0 0 0 0 0
106 738823981 1 1 182 182 182 0 0 0
108 278418637 0 0 0 0 0 0 0 0
113 273000000 0 0 0 0 0 0 0 0
115 162572446 0 0 80864720 0 0 0 0 0
118 843004 0 0 421502 0 0 421502 52688 52687
119 421502 0 0 0 0 0 0 0 0
123 1092 1 1 0 0 0 0 0 0
158 865661751 1 1 0 0 0 288553917 36069364 24765671
159 288553917 0 0 0 0 0 0 0 0
160 577108198 0 0 182 0 0 0 0 0
175 576471288 0 0 0 0 0 0 0 0
176 1152942576 1 1 576471288 291720695 234772582 0 0 0
fl=/usr/include/stdlib.h
fn=main
368 8 1 1 2 0 0 2 1 0
fl=/usr/include/x86_64-linux-gnu/bits/string_fortified.h
fn=prime_sieve
71 3 0 0 0 0 0 1 1 1
fl=???
fn=???
0 968 26 25 457 376 368 7 1 1
fn=__libc_csu_init
0 34 2 2 8 0 0 8 0 0
fn=_start
0 12 2 2 2 0 0 3 0 0
summary: 18042388973 1097 1086 2330811156 682815426 234807638 1308307533 66713506 52527990
